3.826300000000000000e+04
3.871800000000000000e+04
2.226700000000000000e+04
4.204200000000000000e+04
2.373400000000000000e+04
1.795600000000000000e+04
2.566000000000000000e+04
2.359400000000000000e+04
3.815100000000000000e+04
2.486100000000000000e+04
2.489100000000000000e+04
2.543200000000000000e+04
1.686400000000000000e+04
1.982100000000000000e+04
1.151700000000000000e+04
2.277100000000000000e+04
2.024300000000000000e+04
2.424100000000000000e+04
3.316200000000000000e+04
8.238000000000000000e+03
3.745800000000000000e+04
2.439400000000000000e+04
1.418100000000000000e+04
2.901600000000000000e+04
2.279200000000000000e+04
1.697400000000000000e+04
3.368400000000000000e+04
2.094700000000000000e+04
3.616500000000000000e+04
1.976700000000000000e+04
3.853300000000000000e+04
2.075100000000000000e+04
2.013100000000000000e+04
1.660900000000000000e+04
3.646300000000000000e+04
1.905700000000000000e+04
1.880500000000000000e+04
1.266700000000000000e+04
1.856900000000000000e+04
3.467500000000000000e+04
2.861200000000000000e+04
2.127200000000000000e+04
3.374100000000000000e+04
1.745400000000000000e+04
3.124700000000000000e+04
1.438600000000000000e+04
1.418200000000000000e+04
1.747300000000000000e+04
3.420300000000000000e+04
3.603900000000000000e+04
3.155800000000000000e+04
2.170000000000000000e+04
1.922900000000000000e+04
2.434000000000000000e+04
1.219300000000000000e+04
1.564600000000000000e+04
2.681200000000000000e+04
2.575600000000000000e+04
2.117400000000000000e+04
2.619200000000000000e+04
2.607800000000000000e+04
2.980500000000000000e+04
1.570500000000000000e+04
2.464400000000000000e+04
2.171000000000000000e+04
2.831100000000000000e+04
2.508600000000000000e+04
4.986400000000000000e+04
3.046100000000000000e+04
1.951000000000000000e+04
1.577600000000000000e+04
2.845100000000000000e+04
2.849600000000000000e+04
2.214600000000000000e+04
5.343300000000000000e+04
2.364000000000000000e+04
2.293500000000000000e+04
2.636700000000000000e+04
2.254900000000000000e+04
2.914100000000000000e+04
2.547600000000000000e+04
2.281200000000000000e+04
2.438400000000000000e+04
3.252000000000000000e+04
2.712700000000000000e+04
2.086700000000000000e+04
3.532400000000000000e+04
9.559000000000000000e+03
3.405500000000000000e+04
2.509100000000000000e+04
1.522900000000000000e+04
2.522800000000000000e+04
1.782100000000000000e+04
3.407100000000000000e+04
3.699800000000000000e+04
1.568000000000000000e+04
2.592400000000000000e+04
2.369900000000000000e+04
3.287700000000000000e+04
2.640000000000000000e+04
