2.205800000000000000e+04
1.421400000000000000e+04
1.270000000000000000e+04
1.142000000000000000e+04
3.112900000000000000e+04
2.086800000000000000e+04
1.738800000000000000e+04
2.139900000000000000e+04
1.641600000000000000e+04
2.287500000000000000e+04
2.096300000000000000e+04
1.992700000000000000e+04
1.831900000000000000e+04
2.085500000000000000e+04
1.684600000000000000e+04
2.014500000000000000e+04
3.080900000000000000e+04
1.500800000000000000e+04
1.705300000000000000e+04
1.500800000000000000e+04
2.421900000000000000e+04
1.869700000000000000e+04
1.136000000000000000e+04
3.871700000000000000e+04
2.382500000000000000e+04
1.347100000000000000e+04
2.432500000000000000e+04
1.444400000000000000e+04
1.856800000000000000e+04
1.842200000000000000e+04
0.000000000000000000e+00
3.364000000000000000e+04
2.364800000000000000e+04
1.646200000000000000e+04
2.404700000000000000e+04
1.933600000000000000e+04
1.893100000000000000e+04
2.595100000000000000e+04
1.848100000000000000e+04
2.914500000000000000e+04
1.939900000000000000e+04
1.728800000000000000e+04
1.481100000000000000e+04
1.146200000000000000e+04
1.678100000000000000e+04
2.995700000000000000e+04
2.869900000000000000e+04
1.227100000000000000e+04
1.506600000000000000e+04
3.586500000000000000e+04
1.998800000000000000e+04
2.443000000000000000e+04
2.975200000000000000e+04
2.970900000000000000e+04
1.869200000000000000e+04
1.595200000000000000e+04
1.593000000000000000e+04
2.424300000000000000e+04
2.604900000000000000e+04
2.046400000000000000e+04
1.527900000000000000e+04
3.520800000000000000e+04
2.257400000000000000e+04
2.561200000000000000e+04
2.434400000000000000e+04
1.237300000000000000e+04
2.082300000000000000e+04
2.014600000000000000e+04
1.648500000000000000e+04
1.755000000000000000e+04
1.702400000000000000e+04
3.848600000000000000e+04
1.824600000000000000e+04
2.479200000000000000e+04
1.523400000000000000e+04
2.581900000000000000e+04
1.709100000000000000e+04
3.431900000000000000e+04
1.806900000000000000e+04
1.864600000000000000e+04
2.178900000000000000e+04
1.582300000000000000e+04
3.157600000000000000e+04
1.322700000000000000e+04
2.192300000000000000e+04
1.188800000000000000e+04
3.555300000000000000e+04
1.799800000000000000e+04
2.463200000000000000e+04
2.244000000000000000e+04
1.135900000000000000e+04
1.347000000000000000e+04
1.783700000000000000e+04
2.754200000000000000e+04
1.848600000000000000e+04
1.900100000000000000e+04
2.170300000000000000e+04
1.100200000000000000e+04
9.045000000000000000e+03
2.259600000000000000e+04
