2.047400000000000000e+04
1.820300000000000000e+04
3.917300000000000000e+04
1.543500000000000000e+04
2.027100000000000000e+04
3.026500000000000000e+04
1.077300000000000000e+04
1.708700000000000000e+04
2.194600000000000000e+04
2.323500000000000000e+04
1.696600000000000000e+04
1.923800000000000000e+04
1.522400000000000000e+04
1.269300000000000000e+04
1.120900000000000000e+04
1.485800000000000000e+04
1.309500000000000000e+04
3.149500000000000000e+04
1.736200000000000000e+04
1.272100000000000000e+04
1.856300000000000000e+04
1.754400000000000000e+04
2.856100000000000000e+04
1.739700000000000000e+04
1.778000000000000000e+04
4.009500000000000000e+04
2.330700000000000000e+04
2.832500000000000000e+04
1.730900000000000000e+04
2.281900000000000000e+04
2.061000000000000000e+04
1.500800000000000000e+04
1.719500000000000000e+04
1.527800000000000000e+04
3.555300000000000000e+04
2.606800000000000000e+04
3.078000000000000000e+04
1.588200000000000000e+04
2.017800000000000000e+04
2.136300000000000000e+04
1.066200000000000000e+04
2.333000000000000000e+04
2.597800000000000000e+04
1.591300000000000000e+04
2.070000000000000000e+04
2.967400000000000000e+04
2.249400000000000000e+04
2.526500000000000000e+04
2.149100000000000000e+04
2.405200000000000000e+04
4.180900000000000000e+04
3.170800000000000000e+04
2.100300000000000000e+04
1.553000000000000000e+04
1.782700000000000000e+04
2.662500000000000000e+04
1.489700000000000000e+04
1.514300000000000000e+04
2.130500000000000000e+04
4.294900000000000000e+04
1.460600000000000000e+04
1.581500000000000000e+04
3.228500000000000000e+04
3.452600000000000000e+04
1.572300000000000000e+04
2.315500000000000000e+04
1.964200000000000000e+04
1.738000000000000000e+04
1.481900000000000000e+04
1.520500000000000000e+04
2.388400000000000000e+04
1.706100000000000000e+04
4.182100000000000000e+04
1.996600000000000000e+04
1.887200000000000000e+04
3.478900000000000000e+04
1.457400000000000000e+04
2.717400000000000000e+04
2.076400000000000000e+04
1.571700000000000000e+04
2.752500000000000000e+04
1.703500000000000000e+04
1.846000000000000000e+04
1.088600000000000000e+04
2.244500000000000000e+04
3.062600000000000000e+04
3.463400000000000000e+04
4.242800000000000000e+04
2.146300000000000000e+04
3.725900000000000000e+04
1.698100000000000000e+04
1.834700000000000000e+04
3.961600000000000000e+04
2.229100000000000000e+04
1.523900000000000000e+04
2.667400000000000000e+04
1.886500000000000000e+04
3.159000000000000000e+04
2.202500000000000000e+04
2.993300000000000000e+04
