5.795100000000000000e+04
1.070220000000000000e+05
8.072400000000000000e+04
1.120770000000000000e+05
7.484700000000000000e+04
5.919500000000000000e+04
1.888360000000000000e+05
7.945300000000000000e+04
4.779000000000000000e+04
8.561000000000000000e+04
1.406650000000000000e+05
7.082900000000000000e+04
6.315300000000000000e+04
7.398800000000000000e+04
1.025430000000000000e+05
9.161000000000000000e+04
3.076400000000000000e+04
7.286700000000000000e+04
1.040700000000000000e+05
3.323350000000000000e+05
7.469200000000000000e+04
3.808700000000000000e+04
9.455200000000000000e+04
1.062380000000000000e+05
0.000000000000000000e+00
