1.108170000000000000e+05
7.003100000000000000e+04
6.811700000000000000e+04
3.149200000000000000e+04
1.824850000000000000e+05
6.462400000000000000e+04
4.951800000000000000e+04
6.279000000000000000e+04
3.086800000000000000e+04
4.863300000000000000e+04
3.696300000000000000e+04
4.293500000000000000e+04
7.052700000000000000e+04
1.384960000000000000e+05
9.113100000000000000e+04
8.131100000000000000e+04
7.214600000000000000e+04
4.202000000000000000e+04
9.886900000000000000e+04
7.990800000000000000e+04
8.023500000000000000e+04
1.005480000000000000e+05
1.107730000000000000e+05
7.023900000000000000e+04
6.214800000000000000e+04
