-6.233582316501974363e-01 4.538397620370068775e-01 -1.335769110505760748e+00 3.786867839580313477e-01
2.066294908373878664e-02 -4.506286977436588237e-01 -1.751358203669749203e-01 3.605763098872858952e-01
1.459966999856190072e-02 3.581998771595827913e-01 3.396498315551502722e-01 -4.413373815853352533e-01
4.203023129385665135e-01 2.738877035254886905e-01 2.245998162397607953e-02 -4.141023931319263718e-01
-5.245668667313704292e-01 -1.332008059567867664e-01 -3.588311767224771631e-01 -5.675264599311365815e-02
-1.934659980881302532e-01 8.429894825171210804e-02 -4.512290956207761217e-01 1.388718077560807951e-01
-1.576853575074746994e-01 -2.042578251445954507e-01 3.334777539140236780e-01 -6.126217853843664296e-02
9.496627944409613553e-02 3.550211109281297683e-01 -5.206170119717591360e-01 -5.930340039280903586e-01
-4.085987138617422909e-01 -4.497947315644529875e-01 3.080425606152604190e-01 1.764277510074098165e-01
7.758817527071998343e-01 -8.437959079309373389e-02 9.679884112033737553e-01 -3.812449078764054144e-01
-5.770717385270599520e-01 3.940815438203192356e-01 -9.842335848344017091e-01 7.159567991271158505e-01
1.288969124658648387e-02 -3.835129426799317454e-01 2.302163340237741440e-01 1.895241211360475242e-01
-4.041317740870751796e-01 1.019176198373889473e-02 -4.068435496566480403e-01 1.176881782084686530e-02
2.087521993298775969e-01 1.288558251472183003e-01 3.308198481939481073e-01 1.919899514704544868e-02
2.224196669205616983e-01 1.281442537940582771e-01 3.200107034969543185e-01 3.936634529798629933e-01
4.399773209989887301e-01 4.149813902955146183e-01 7.758123853062531827e-02 1.598668294335029993e-01
-4.542731777420085382e-01 1.270926832352543556e-01 4.186220022848441968e-01 3.038557670329487467e-02
1.596994873125476277e-01 -3.318544824407735905e-01 -2.565846533007564156e-01 8.668267313403887897e-02
-6.688611869178087699e-02 4.098609310612482681e-01 -4.168306896773777970e-01 -1.822138054210014624e-01
9.708662456468319935e-01 -6.559042784589861341e-01 6.436439978184548272e-01 -5.238057200293742000e-01
