1.775581408279664763e-01 1.498538242797283482e-01 1.437744857803711973e+00 5.548800958909722025e-01
-2.052288724914376750e-01 1.419195774551504918e-01 -1.653111133261905563e-01 1.908208321295254140e-01
-1.190517039028023416e-01 -1.058300752516502796e-01 -3.644264963055423578e-01 -2.011321393890370124e-01
-2.034503028818292480e-01 3.151996699866217444e-01 4.381405237918752360e-01 -2.444574684149634358e-01
-4.590687319948428269e-01 -2.200586959154053612e-01 -6.214428625917296778e-02 -8.062148994891868425e-02
1.472756360673175002e-01 -4.003836549658518901e-02 -3.591636684108750477e-01 -2.485185433162694774e-02
-5.313587501657116574e-01 4.747031277278812023e-01 5.049716060127978912e-01 -1.095763513616671569e-01
-4.758228657053232280e-01 -4.852443705636439453e-01 -3.985882066617842112e-02 3.332984482582343477e-01
-1.407228170814310564e-01 1.528504396345977123e-01 2.616352602194747523e-01 3.344187296160505696e-01
-3.880555172530150698e-01 6.422639199358207152e-02 -8.135107119628115502e-01 -8.403612644319962133e-01
3.252256681059648713e-01 2.534379146780917358e-01 1.040435621312378212e+00 7.946189940489414294e-01
-2.849444969890550516e-01 -3.343533135318696448e-01 -8.880825364038312519e-02 6.655682542973240245e-02
1.505679941898666052e-01 1.642746009742994395e-01 4.342307112597398322e-01 -3.463935889374124000e-01
2.511725895647355933e-01 -4.592382601846364265e-01 -2.677454071880340236e-01 -1.611346676625544372e-01
2.454937730936882778e-01 -2.627765365718632840e-01 -4.657443116571083341e-01 1.221461710654997944e-02
1.042434665583651943e-01 1.719228072500686155e-01 -3.063775315461759741e-01 3.748254868106672411e-01
-6.455777246870511021e-01 3.967987738120276053e-01 4.094011823840966457e-02 -3.827894290966303292e-01
1.056947133624732554e-01 -2.169783156705822058e-01 5.891304305534930674e-02 -2.603126833293216702e-01
1.447549406442848463e-01 4.368053845207788832e-01 4.009054983305573305e-01 -1.665117553226991981e-02
-4.743168548880102309e-01 3.866565189785329815e-01 -1.488997002138587433e+00 -2.950293556119269467e-01
