-4.545701656966820714e-01 7.514344524448762774e-01 1.330255919599451664e+00 3.178399133650809949e-01
1.974532631122337123e-01 -2.217857692113255064e-02 -4.685416204416893993e-01 -2.956371065582315272e-02
1.752397781243515695e-01 -1.071330351326547220e-01 3.608727644569931226e-01 -1.115719974327298580e-01
-6.501697562581026935e-02 -2.425738773251930602e-01 -2.360453368386043194e-01 3.729807566746588116e-02
-1.049599864399926134e-02 -3.349793552369682015e-01 -1.055518994253990206e+00 -8.831778574125500603e-01
-4.253068913553376129e-01 -9.306964017978317655e-03 1.144593778535170303e+00 1.005558800583869816e+00
-1.043942685942107762e-01 -1.752182208850588674e-01 1.445739606614946104e-01 -2.399554416529127709e-01
2.363669741777448541e-01 -2.956082219237308184e-01 -1.004495724698706294e-01 9.422653690210759658e-02
2.763387319506964146e-01 3.196157463584498037e-01 -2.776643867885166816e-01 4.067640418720295387e-02
1.637225972128096008e-01 -9.744608746932564847e-01 -1.330362695168870513e+00 -8.118743003955699589e-01
