-1.236274774363414375e+00 -9.071808868518814739e-01 1.086673862187651080e-01 1.004953617402226440e+00
2.647272483472702942e-01 1.887773100020169736e-01 7.342117366664957512e-02 -1.356310972123988545e-01
3.557601861898544715e-02 -3.969394374671940673e-01 -1.539719624874271164e-01 -3.234112604063336671e-01
-1.991030737039435616e-02 2.342938119764978178e-01 1.831336850849550335e-01 1.174785227864632853e-01
9.865187402748848422e-01 5.282063581432969723e-01 -4.620599080152742455e-01 -1.197907592516169517e+00
-1.277562224868563856e+00 -1.211498882322176174e+00 -1.507172485299757177e-02 1.639626878784614217e+00
-1.689320578044338494e-01 -5.288504809430611964e-01 -1.519158723250992882e-01 -1.608127342993911912e-01
-3.248157807716672146e-02 3.974297453669118907e-01 1.516071471970621351e-02 3.062270819022578916e-01
-1.967099034654311573e-01 2.712101000616810587e-01 -2.809037650114268661e-02 -2.405037920677983720e-01
1.327365851490251103e+00 5.345945673783057961e-01 -8.434796906736262700e-01 -1.643004493437399960e+00
