-1.348785359002004469e+00 -1.003287774477916505e+00 -1.102922201408498282e+00 -4.097439878591783824e+00 -1.432088207227734999e+00 -1.498360690260631012e+00 -1.626042454460058462e+00 -1.312373005616133570e+00 -1.079821008379223013e+00 -1.582159968836025721e+00 -1.825300928038039894e+00 -2.524668001204572132e+00 -2.683705307759354675e+00 -3.176084493527482788e+00 -1.384508232199974653e+00 -1.194650647672855559e+00 -2.070464632213489420e+00 -1.798488490701933395e+00 -9.829588146138035221e-01 -1.094421067962981331e+00
-1.621549473305637701e+00 -2.183208966077633484e+00 -1.673380191841490339e+00 -1.716244392025690457e+00 -1.498680801379586480e+00 -1.561024454373516779e+00 -1.470179607767519991e+00 -1.438253051658783255e+00 -3.732950491607097465e+00 -1.495356435311857579e+00 -2.401368966287798390e+00 -3.357045537761087495e-01 -1.751522832838577459e+00 -5.577808659365759425e-01 -1.538220649554884689e+00 -1.371032060401721209e+00 -3.737347771333424440e+00 -1.560349771989989920e+00 -1.657978065017009728e+00 -3.429600009743763778e+00
-7.643371261065422528e-01 -1.603155032462726837e+00 -1.293758144354303363e-01 -1.930714232989195089e+00 -8.860781821849902373e-01 -6.506978399579977923e-01 -1.045386515586270715e+00 -9.443333105005782269e-01 -2.498982739013551058e+00 -7.348002428276018128e-01 -2.628002390414680534e+00 -1.828801414690911287e+00 -1.306451192833583574e+00 7.554398772634193793e-02 -6.168314705697683920e-01 -6.364761087596254585e-01 -4.367234955379259986e-01 -1.155187785676579315e+00 -1.218142753763009623e+00 -1.877471354434034678e+00
-7.068587780928135000e-01 -1.047203204098539953e+00 -4.701727756386728796e-01 -2.006206669195879755e+00 -1.175603047352092423e+00 -1.174544315241347281e+00 -6.145758763950197601e-01 -7.906910667419814187e-01 -1.304852592923836152e+00 -6.903356721183854239e-01 -6.889230061675191141e-01 1.702878960183943913e-01 -2.591254056914325865e+00 -2.046834974097629711e+00 -8.772664951256636812e-01 -9.404799040525059217e-01 -1.683752395729414930e+00 -5.376357269001361683e-01 -4.062763645877885965e-01 2.671097118044212237e-01
-7.815593540829943731e-01 -6.631203946034461838e-01 -6.877177139094382552e-01 -1.826175235528854968e+00 -5.021100025822808899e-01 -5.435570943423562174e-01 -3.749760670680852837e-01 -3.040115066552004364e-01 -7.486243456556173070e-01 -5.820829621516425689e-01 -5.686466703912316234e-01 -1.089459409566979620e+00 -2.721713149997678771e-01 -6.247138329338726148e-01 -9.633036742936209595e-01 -3.266867357968161745e-01 -1.385782576874969863e+00 -6.460247805325785020e-01 -1.020845212986058570e+00 -9.442180866097475977e-01
-9.139851559532836678e-01 1.549286407833075474e+00 -1.000583194177794288e+00 -1.657316999830252380e+00 -2.847705505222628553e-01 -5.724338644001235599e-01 -3.759754664538341173e-01 -9.476413561523447937e-01 1.799271411127628006e+00 -6.915064238865457069e-01 6.005757669154864198e-01 -4.463397793697901350e-01 -5.677201571270713565e-01 3.351062225735298661e+00 -5.462162952820848183e-01 -5.092731876025508031e-01 1.655040862015532799e+00 -3.170696953426589970e-01 -9.537921125963026991e-01 -2.437402970458516727e+00
-6.952735467891681953e-01 -4.717922736264610895e-01 -1.288200078643237045e+00 1.946208129086130834e+00 -1.080224787182055390e+00 -1.121816067967178476e+00 -5.714225680197851931e-01 -1.402640073886135319e+00 -1.144912921148228291e+00 -5.576225526093570029e-01 -1.180323208023857706e+00 1.577480767305762921e+00 1.961106977015120156e+00 -2.897157544661090878e+00 -1.057440234675524948e+00 -6.390814720880875210e-01 -1.308439633069043984e+00 1.007345779718380463e+00 2.140711787609355099e-01 2.713074308800057732e+00
-7.083662467766248250e-02 -1.259343111677101890e+00 -5.717122399492155504e-02 -2.380707607111438584e+00 -7.726578653116020767e-01 -3.818481049470069388e-01 -6.060759432008044900e-01 -1.416986970356785835e-01 -1.954732449815770545e+00 -1.119034614960203594e-01 -1.843726114928530668e+00 -1.004502284295577114e-01 -1.116598098087809632e+00 -7.886309352251826832e-01 -2.393887641563081647e-01 -9.607789190305680849e-02 -1.626696402245565221e+00 -3.855197831884498161e-01 -4.638738593809917377e-01 -1.447985724118428519e-01
-1.431198681263314842e-01 1.003415355656589236e+00 -3.695972925972635381e-01 -4.654009741112186127e+00 -9.530604705857449455e-01 -5.319370359246317070e-01 -3.710750936667955857e-01 -9.661343708387314377e-01 5.413831191816447230e-01 -3.620968271739808397e-01 -1.893500882905540528e-01 -1.779094019534573690e+00 -2.294624099180164301e+00 -3.302217595384423721e+00 -1.440849755224988815e-01 -1.951807779024094525e-01 -1.204718563815751597e+00 -1.639420686262296867e+00 -4.351376369973857794e-01 -2.671537589768953058e-01
-6.027126795812218774e-01 -8.594206564104712731e-01 -7.865014869577873213e-01 3.066745747540994271e-01 -1.173158980312228428e+00 -7.650061808309638334e-01 -1.032752147714009139e+00 -7.835310959800027009e-01 -4.669820192712763607e+00 -9.083552282217870477e-01 -2.228342102498019450e+00 4.261428422029869267e-01 -3.943602967248151514e-01 4.639893979285310555e-01 -8.547078588146903577e-01 -6.701128188924105888e-01 -3.502240931728962892e+00 -3.597304092373159734e-01 -1.196647254575942121e+00 -3.369993846038092933e+00
-6.072978069433941917e-01 -1.104685758282996332e-02 -6.064761565748509886e-01 -1.315369496071956634e+00 -1.272758261504234323e-01 -5.778080170171565610e-01 -5.458651731697592435e-01 -5.801905120192807352e-01 -1.875557390083636644e+00 -6.120418975162753572e-01 -1.774088899265351627e+00 5.244219227030337827e-01 6.444288695806473788e-01 -6.650554794194832864e-01 -8.274336734580770569e-01 -1.079119975921790098e-01 -1.982559837642191125e+00 2.530861265557333151e-01 -9.382802289033772558e-01 6.671999188788781954e-01
-6.572101378312750208e-01 -6.777749529740313694e-02 -4.882936969243403813e-01 8.387194808421611913e-01 -1.042831939379766926e+00 -1.649574240001133951e+00 -6.554538885910549117e-01 -1.067888132671749091e+00 8.723189382835495609e-01 -5.260598669672822414e-01 -6.880339147973890679e-02 -4.284938827428378394e-01 -1.337201949464112527e+00 8.624582030746811290e-01 -6.336668117086126095e-01 -7.316471024409422208e-01 5.014632572976033265e-01 -4.961181209917830959e-01 -3.862424299987009535e-01 -7.921324112625139913e-01
-5.071518484976683672e-01 -4.988464492689125285e-01 -5.840823210423456979e-01 -1.346301036789451455e+00 -1.095797503027202691e+00 -7.580073135993687927e-01 -6.000775092464287752e-01 -6.485213833488613355e-01 1.066429430689839891e-01 -5.528686119336809757e-01 -7.822870771394532796e-02 -4.329304765175468472e-01 -3.336237547445551344e-01 -3.875375503264836263e-01 -1.862541617974264874e-01 -1.119875538649178326e+00 1.021631144305260031e-01 -1.857486498690541221e-01 -1.340461404050012073e-01 -4.648687289513965815e-01
-3.050486513318210746e-01 -1.850633274807867101e+00 2.334913533741578284e-02 3.283050876500449577e-01 -9.699280607792457598e-01 -7.348335955535902908e-01 -3.654124842799642003e-01 1.789450491144426066e-03 -1.588563016389407112e+00 -9.807027206575538170e-01 -2.056522863946702806e+00 4.870018286891334980e-01 -9.852737176505142400e-03 -3.613947504879392536e+00 -3.893843305501420438e-01 -8.913811080003615217e-01 -3.277161623085722564e+00 9.970688120301863799e-01 2.877038090926705149e-01 3.025564415769476767e+00
1.012218256367902885e-01 -6.376848037825619819e-01 -1.350045665345966095e-01 -2.568170645094951965e+00 -4.823709540919808858e-01 -4.769338869457463437e-01 -3.768882754328359841e-01 6.338696016148778756e-02 -2.656961979838749488e-01 -6.275460442162614783e-01 -9.569535862560313213e-04 -1.720574879879204877e+00 -2.340034591365165006e+00 2.810533048167361603e+00 5.547476367494936361e-02 -5.728481987084685922e-01 1.227080306654257269e+00 -1.202793971252981375e+00 -1.213152961936966312e+00 -2.403368345776578874e+00
-5.229677546718949355e-01 -9.384213106518772551e-02 -1.015842534186566892e+00 6.364381574741109215e-01 -1.986360274789935598e-01 -6.387367194890883892e-01 -6.862557690554351719e-01 -5.768563253665250912e-01 5.021104619262314328e-01 9.902776803502756631e-02 -9.563556206575615087e-03 -8.512903847721405015e-02 7.283123397864068593e-01 6.335282019347238114e-01 -5.266179817169577282e-01 -6.319341983053093914e-01 2.083658897845812152e+00 6.114069517465984260e-01 -4.079198625818429846e-01 6.406123073216474229e-01
