1.630050000000000000e+05
1.550640000000000000e+05
1.533190000000000000e+05
1.308740000000000000e+05
8.574000000000000000e+04
0.000000000000000000e+00
5.637500000000000000e+04
9.151000000000000000e+04
8.256800000000000000e+04
6.329000000000000000e+04
1.208310000000000000e+05
1.567160000000000000e+05
1.456940000000000000e+05
6.418600000000000000e+04
8.420000000000000000e+04
1.192730000000000000e+05
9.894000000000000000e+04
8.108900000000000000e+04
1.822160000000000000e+05
4.599400000000000000e+04
