1.846110000000000000e+05
0.000000000000000000e+00
7.115100000000000000e+04
1.426230000000000000e+05
1.868640000000000000e+05
1.412960000000000000e+05
9.893600000000000000e+04
9.843900000000000000e+04
1.317790000000000000e+05
0.000000000000000000e+00
0.000000000000000000e+00
1.212880000000000000e+05
0.000000000000000000e+00
1.932570000000000000e+05
1.550220000000000000e+05
9.832000000000000000e+04
1.896290000000000000e+05
8.936200000000000000e+04
1.510470000000000000e+05
1.134630000000000000e+05
