1.460350000000000000e+05
8.151600000000000000e+04
0.000000000000000000e+00
0.000000000000000000e+00
1.140640000000000000e+05
8.108300000000000000e+04
5.679500000000000000e+04
1.477300000000000000e+05
1.425370000000000000e+05
9.653200000000000000e+04
1.541120000000000000e+05
1.256440000000000000e+05
1.640510000000000000e+05
1.538750000000000000e+05
5.452500000000000000e+04
1.696430000000000000e+05
1.061630000000000000e+05
1.645870000000000000e+05
1.359580000000000000e+05
1.451580000000000000e+05
