1.383490000000000000e+05
8.390900000000000000e+04
1.278260000000000000e+05
1.385510000000000000e+05
9.690900000000000000e+04
0.000000000000000000e+00
1.478390000000000000e+05
1.065090000000000000e+05
1.013770000000000000e+05
1.202350000000000000e+05
8.023900000000000000e+04
1.490840000000000000e+05
9.886000000000000000e+04
1.211120000000000000e+05
1.542390000000000000e+05
8.850300000000000000e+04
0.000000000000000000e+00
1.749790000000000000e+05
1.167850000000000000e+05
1.063910000000000000e+05
