1.102010000000000000e+05
6.986900000000000000e+04
7.273200000000000000e+04
1.432740000000000000e+05
0.000000000000000000e+00
1.589270000000000000e+05
9.993100000000000000e+04
1.614550000000000000e+05
1.467010000000000000e+05
9.422300000000000000e+04
7.952200000000000000e+04
1.216870000000000000e+05
1.800060000000000000e+05
0.000000000000000000e+00
1.887950000000000000e+05
1.019330000000000000e+05
9.766200000000000000e+04
1.328000000000000000e+05
5.631600000000000000e+04
1.840430000000000000e+05
