1.481190000000000000e+05
1.675920000000000000e+05
7.629200000000000000e+04
1.373560000000000000e+05
1.137150000000000000e+05
1.092360000000000000e+05
1.654470000000000000e+05
8.950300000000000000e+04
9.346700000000000000e+04
1.052300000000000000e+05
7.091700000000000000e+04
1.044700000000000000e+05
9.176400000000000000e+04
3.753500000000000000e+04
1.390190000000000000e+05
8.202100000000000000e+04
1.185310000000000000e+05
1.090670000000000000e+05
1.182510000000000000e+05
0.000000000000000000e+00
