9.941300000000000000e+04
9.424500000000000000e+04
1.473440000000000000e+05
1.129240000000000000e+05
1.209090000000000000e+05
0.000000000000000000e+00
1.771880000000000000e+05
9.863400000000000000e+04
1.120010000000000000e+05
1.460300000000000000e+05
1.174160000000000000e+05
1.961030000000000000e+05
1.289380000000000000e+05
6.378800000000000000e+04
1.142070000000000000e+05
1.756400000000000000e+05
1.194980000000000000e+05
1.070760000000000000e+05
1.091910000000000000e+05
6.948900000000000000e+04
