8.726000000000000000e+04
6.723700000000000000e+04
8.453600000000000000e+04
1.257020000000000000e+05
8.676100000000000000e+04
1.461300000000000000e+05
8.008200000000000000e+04
1.086660000000000000e+05
5.924300000000000000e+04
1.285010000000000000e+05
1.824560000000000000e+05
1.429210000000000000e+05
1.277200000000000000e+05
8.725100000000000000e+04
7.774000000000000000e+04
8.907900000000000000e+04
8.226000000000000000e+04
1.090050000000000000e+05
1.763660000000000000e+05
5.830100000000000000e+04
