8.506100000000000000e+04
5.277000000000000000e+04
1.292910000000000000e+05
8.202100000000000000e+04
9.178000000000000000e+04
1.060150000000000000e+05
1.265800000000000000e+05
0.000000000000000000e+00
1.764400000000000000e+05
9.983900000000000000e+04
1.153210000000000000e+05
9.908600000000000000e+04
0.000000000000000000e+00
9.388800000000000000e+04
7.020400000000000000e+04
1.246110000000000000e+05
5.268700000000000000e+04
7.431800000000000000e+04
9.705300000000000000e+04
1.147970000000000000e+05
