9.720000000000000284e+01
9.620000000000000284e+01
9.600000000000000000e+01
9.690000000000000568e+01
9.790000000000000568e+01
9.600000000000000000e+01
9.629999999999999716e+01
9.670000000000000284e+01
9.590000000000000568e+01
9.720000000000000284e+01
9.759999999999999432e+01
9.709999999999999432e+01
9.709999999999999432e+01
9.700000000000000000e+01
9.609999999999999432e+01
9.750000000000000000e+01
9.690000000000000568e+01
9.629999999999999716e+01
9.759999999999999432e+01
9.590000000000000568e+01
