9.629999999999999716e+01
9.670000000000000284e+01
9.700000000000000000e+01
9.720000000000000284e+01
9.620000000000000284e+01
9.650000000000000000e+01
9.659999999999999432e+01
9.629999999999999716e+01
9.609999999999999432e+01
9.759999999999999432e+01
9.809999999999999432e+01
9.609999999999999432e+01
9.720000000000000284e+01
9.670000000000000284e+01
9.720000000000000284e+01
9.679999999999999716e+01
9.729999999999999716e+01
9.609999999999999432e+01
9.700000000000000000e+01
9.770000000000000284e+01
