9.970000000000000284e+01
9.990000000000000568e+01
9.970000000000000284e+01
9.829999999999999716e+01
9.890000000000000568e+01
9.870000000000000284e+01
9.929999999999999716e+01
9.979999999999999716e+01
9.959999999999999432e+01
9.900000000000000000e+01
9.990000000000000568e+01
9.879999999999999716e+01
9.990000000000000568e+01
9.959999999999999432e+01
9.920000000000000284e+01
9.959999999999999432e+01
9.820000000000000284e+01
9.790000000000000568e+01
9.979999999999999716e+01
9.970000000000000284e+01
