9.929999999999999716e+01
9.979999999999999716e+01
9.950000000000000000e+01
9.920000000000000284e+01
9.979999999999999716e+01
9.929999999999999716e+01
9.909999999999999432e+01
9.970000000000000284e+01
9.929999999999999716e+01
9.970000000000000284e+01
9.970000000000000284e+01
9.850000000000000000e+01
9.979999999999999716e+01
9.809999999999999432e+01
9.959999999999999432e+01
9.979999999999999716e+01
9.959999999999999432e+01
9.959999999999999432e+01
9.950000000000000000e+01
9.950000000000000000e+01
