9.659999999999999432e+01
9.679999999999999716e+01
9.670000000000000284e+01
9.720000000000000284e+01
9.529999999999999716e+01
9.659999999999999432e+01
9.470000000000000284e+01
9.720000000000000284e+01
9.679999999999999716e+01
9.790000000000000568e+01
9.709999999999999432e+01
9.759999999999999432e+01
9.720000000000000284e+01
9.670000000000000284e+01
9.579999999999999716e+01
9.609999999999999432e+01
9.640000000000000568e+01
9.690000000000000568e+01
9.650000000000000000e+01
9.650000000000000000e+01
