3.630000000000000000e+02
3.850000000000000000e+02
3.050000000000000000e+02
3.120000000000000000e+02
3.470000000000000000e+02
3.260000000000000000e+02
3.520000000000000000e+02
3.620000000000000000e+02
3.410000000000000000e+02
3.080000000000000000e+02
3.510000000000000000e+02
3.070000000000000000e+02
3.110000000000000000e+02
2.940000000000000000e+02
4.140000000000000000e+02
2.980000000000000000e+02
3.870000000000000000e+02
3.490000000000000000e+02
3.750000000000000000e+02
2.740000000000000000e+02
3.280000000000000000e+02
2.920000000000000000e+02
3.380000000000000000e+02
3.240000000000000000e+02
3.140000000000000000e+02
4.060000000000000000e+02
3.720000000000000000e+02
3.410000000000000000e+02
3.130000000000000000e+02
3.270000000000000000e+02
3.230000000000000000e+02
3.220000000000000000e+02
3.160000000000000000e+02
3.240000000000000000e+02
3.280000000000000000e+02
2.970000000000000000e+02
3.280000000000000000e+02
3.450000000000000000e+02
3.280000000000000000e+02
3.190000000000000000e+02
3.440000000000000000e+02
3.090000000000000000e+02
3.820000000000000000e+02
3.190000000000000000e+02
3.290000000000000000e+02
3.670000000000000000e+02
3.530000000000000000e+02
3.530000000000000000e+02
2.890000000000000000e+02
3.780000000000000000e+02
3.220000000000000000e+02
3.450000000000000000e+02
3.710000000000000000e+02
3.400000000000000000e+02
3.490000000000000000e+02
3.010000000000000000e+02
3.370000000000000000e+02
3.270000000000000000e+02
3.150000000000000000e+02
3.130000000000000000e+02
3.370000000000000000e+02
3.360000000000000000e+02
3.360000000000000000e+02
3.460000000000000000e+02
3.390000000000000000e+02
3.270000000000000000e+02
3.260000000000000000e+02
3.840000000000000000e+02
3.050000000000000000e+02
3.110000000000000000e+02
3.830000000000000000e+02
3.270000000000000000e+02
3.220000000000000000e+02
3.180000000000000000e+02
2.930000000000000000e+02
4.730000000000000000e+02
3.250000000000000000e+02
2.840000000000000000e+02
3.140000000000000000e+02
3.800000000000000000e+02
3.770000000000000000e+02
3.260000000000000000e+02
4.010000000000000000e+02
2.940000000000000000e+02
4.510000000000000000e+02
3.220000000000000000e+02
3.930000000000000000e+02
3.070000000000000000e+02
3.000000000000000000e+02
3.080000000000000000e+02
3.330000000000000000e+02
3.690000000000000000e+02
4.220000000000000000e+02
3.780000000000000000e+02
3.240000000000000000e+02
3.990000000000000000e+02
3.050000000000000000e+02
2.980000000000000000e+02
4.200000000000000000e+02
3.910000000000000000e+02
