8.410000000000000000e+02
1.530000000000000000e+02
2.000000000000000000e+02
1.550000000000000000e+02
1.200000000000000000e+02
6.700000000000000000e+01
1.650000000000000000e+02
5.720000000000000000e+02
4.360000000000000000e+02
3.620000000000000000e+02
6.800000000000000000e+01
1.640000000000000000e+02
1.520000000000000000e+02
1.140000000000000000e+02
8.700000000000000000e+01
8.700000000000000000e+01
2.430000000000000000e+02
2.850000000000000000e+02
1.800000000000000000e+02
1.920000000000000000e+02
8.400000000000000000e+01
9.500000000000000000e+01
2.260000000000000000e+02
1.810000000000000000e+02
1.680000000000000000e+02
2.800000000000000000e+02
2.360000000000000000e+02
4.710000000000000000e+02
1.010000000000000000e+02
1.310000000000000000e+02
5.140000000000000000e+02
8.200000000000000000e+01
8.500000000000000000e+01
1.180000000000000000e+02
4.260000000000000000e+02
9.000000000000000000e+01
8.800000000000000000e+01
6.300000000000000000e+01
2.950000000000000000e+02
5.010000000000000000e+02
2.600000000000000000e+02
9.200000000000000000e+01
2.130000000000000000e+02
7.000000000000000000e+01
5.000000000000000000e+02
2.320000000000000000e+02
2.980000000000000000e+02
3.280000000000000000e+02
3.020000000000000000e+02
3.600000000000000000e+02
3.280000000000000000e+02
1.690000000000000000e+02
9.900000000000000000e+01
9.000000000000000000e+01
2.770000000000000000e+02
1.280000000000000000e+02
8.900000000000000000e+01
2.360000000000000000e+02
2.400000000000000000e+02
1.730000000000000000e+02
4.080000000000000000e+02
3.860000000000000000e+02
6.400000000000000000e+01
1.120000000000000000e+02
1.380000000000000000e+02
7.300000000000000000e+01
2.590000000000000000e+02
4.760000000000000000e+02
7.000000000000000000e+01
7.600000000000000000e+01
1.180000000000000000e+02
9.600000000000000000e+01
3.180000000000000000e+02
2.580000000000000000e+02
8.600000000000000000e+01
6.620000000000000000e+02
3.140000000000000000e+02
9.800000000000000000e+01
7.800000000000000000e+01
3.590000000000000000e+02
3.240000000000000000e+02
1.400000000000000000e+02
4.240000000000000000e+02
7.600000000000000000e+01
1.800000000000000000e+02
3.060000000000000000e+02
4.550000000000000000e+02
1.800000000000000000e+02
8.600000000000000000e+01
8.100000000000000000e+01
2.640000000000000000e+02
2.360000000000000000e+02
9.700000000000000000e+01
8.700000000000000000e+01
2.350000000000000000e+02
1.530000000000000000e+02
5.030000000000000000e+02
7.300000000000000000e+01
7.400000000000000000e+01
1.140000000000000000e+02
