7.294000000000000000e+03
3.431000000000000000e+03
8.501000000000000000e+03
3.885700000000000000e+04
1.184000000000000000e+04
7.074000000000000000e+03
6.786000000000000000e+03
1.087100000000000000e+04
1.109500000000000000e+04
7.973000000000000000e+03
4.476000000000000000e+03
1.411100000000000000e+04
5.288000000000000000e+03
1.183100000000000000e+04
4.238000000000000000e+03
8.711000000000000000e+03
1.313000000000000000e+04
5.048000000000000000e+03
1.461500000000000000e+04
1.283500000000000000e+04
