9.940000000000000568e+01
1.000000000000000000e+02
8.829999999999999716e+01
1.000000000000000000e+02
9.559999999999999432e+01
9.829999999999999716e+01
9.890000000000000568e+01
9.640000000000000568e+01
9.920000000000000284e+01
9.870000000000000284e+01
9.859999999999999432e+01
1.000000000000000000e+02
1.000000000000000000e+02
9.800000000000000000e+01
9.979999999999999716e+01
9.970000000000000284e+01
9.990000000000000568e+01
9.929999999999999716e+01
9.990000000000000568e+01
1.000000000000000000e+02
