8.333333134651184082e-01
7.962963581085205078e-01
7.698413133621215820e-01
7.929292917251586914e-01
8.015874028205871582e-01
8.020833730697631836e-01
8.015873432159423828e-01
8.253968954086303711e-01
7.719298005104064941e-01
8.333333730697631836e-01
8.333333730697631836e-01
8.611111044883728027e-01
7.748538255691528320e-01
7.647058963775634766e-01
8.055555820465087891e-01
8.253968954086303711e-01
7.407407760620117188e-01
8.333333730697631836e-01
7.916666865348815918e-01
8.518518805503845215e-01
8.703703880310058594e-01
8.076924085617065430e-01
9.074074029922485352e-01
8.055555820465087891e-01
8.011695742607116699e-01
8.095238804817199707e-01
8.611111044883728027e-01
8.333333730697631836e-01
8.055555820465087891e-01
7.888889312744140625e-01
7.654321193695068359e-01
8.148148059844970703e-01
8.020833730697631836e-01
8.333333730697631836e-01
8.232323527336120605e-01
7.916666865348815918e-01
8.333333134651184082e-01
8.159722685813903809e-01
8.117284774780273438e-01
8.333333730697631836e-01
8.111110925674438477e-01
8.518518805503845215e-01
8.611111640930175781e-01
8.293651342391967773e-01
8.039216399192810059e-01
8.055555820465087891e-01
8.253968954086303711e-01
8.777778148651123047e-01
9.074074625968933105e-01
8.888888955116271973e-01
8.333333730697631836e-01
8.703704476356506348e-01
8.571429252624511719e-01
8.148148059844970703e-01
8.703703880310058594e-01
8.222222328186035156e-01
9.444444179534912109e-01
8.730159401893615723e-01
8.024691343307495117e-01
8.500000238418579102e-01
8.125000000000000000e-01
7.888889312744140625e-01
8.412699103355407715e-01
8.104575276374816895e-01
8.333333730697631836e-01
8.555555343627929688e-01
8.518519401550292969e-01
8.205128908157348633e-01
7.777777910232543945e-01
8.125000000000000000e-01
8.000000119209289551e-01
8.194444775581359863e-01
8.333333730697631836e-01
8.271604776382446289e-01
8.611111044883728027e-01
8.159722089767456055e-01
8.138889074325561523e-01
8.169935345649719238e-01
8.888888955116271973e-01
8.564815521240234375e-01
8.095238804817199707e-01
7.929292917251586914e-01
8.888889551162719727e-01
8.611111640930175781e-01
8.888889551162719727e-01
8.703704476356506348e-01
8.518518209457397461e-01
8.366013765335083008e-01
8.333333134651184082e-01
8.518519401550292969e-01
8.500000834465026855e-01
8.819444775581359863e-01
8.076924085617065430e-01
8.333333730697631836e-01
8.166667222976684570e-01
8.011695742607116699e-01
8.666667342185974121e-01
8.657407760620117188e-01
9.259259700775146484e-01
8.128654956817626953e-01
8.809524178504943848e-01
9.814814925193786621e-01
8.888888955116271973e-01
8.287037611007690430e-01
8.703703880310058594e-01
9.166666269302368164e-01
9.166666269302368164e-01
8.214286565780639648e-01
8.434343338012695312e-01
8.444445133209228516e-01
9.444444179534912109e-01
8.650794029235839844e-01
8.179012537002563477e-01
8.437500000000000000e-01
8.250000476837158203e-01
8.194444775581359863e-01
8.641974925994873047e-01
8.555555939674377441e-01
8.958333134651184082e-01
8.125000000000000000e-01
8.277778029441833496e-01
8.888889551162719727e-01
8.128654956817626953e-01
9.166666865348815918e-01
8.549382686614990234e-01
8.333333730697631836e-01
8.333333730697631836e-01
8.666667342185974121e-01
8.235294222831726074e-01
8.730159401893615723e-01
8.366013169288635254e-01
8.174604177474975586e-01
9.166666865348815918e-01
8.484848737716674805e-01
8.888888955116271973e-01
8.888888955116271973e-01
8.730159401893615723e-01
9.166666865348815918e-01
8.777778148651123047e-01
8.450292348861694336e-01
8.518519401550292969e-01
8.888889551162719727e-01
8.888889551162719727e-01
8.580247163772583008e-01
8.611111640930175781e-01
8.611111640930175781e-01
8.888889551162719727e-01
8.402777910232543945e-01
8.333333730697631836e-01
8.253968954086303711e-01
8.366013765335083008e-01
8.580247163772583008e-01
8.777778148651123047e-01
8.777778148651123047e-01
8.452382087707519531e-01
8.592593073844909668e-01
8.518519401550292969e-01
8.333333730697631836e-01
8.888889551162719727e-01
8.518518209457397461e-01
9.074074625968933105e-01
8.472222685813903809e-01
8.434343338012695312e-01
8.888888359069824219e-01
8.431372642517089844e-01
8.484848737716674805e-01
7.847222089767456055e-01
8.496732115745544434e-01
8.472222685813903809e-01
8.803419470787048340e-01
8.888889551162719727e-01
8.571429252624511719e-01
8.437500000000000000e-01
8.765432238578796387e-01
8.388888835906982422e-01
8.472222089767456055e-01
9.012345671653747559e-01
8.444445133209228516e-01
8.722222447395324707e-01
8.500000238418579102e-01
9.074074625968933105e-01
8.333333730697631836e-01
8.722223043441772461e-01
8.888889551162719727e-01
9.333333969116210938e-01
8.456790447235107422e-01
9.444444775581359863e-01
8.571429252624511719e-01
9.166666865348815918e-01
8.981481790542602539e-01
8.703704476356506348e-01
8.472222685813903809e-01
8.611111640930175781e-01
8.366013765335083008e-01
8.535353541374206543e-01
9.166666269302368164e-01
8.680555820465087891e-01
9.111111164093017578e-01
8.379629850387573242e-01
9.074074625968933105e-01
8.722222447395324707e-01
8.571429252624511719e-01
9.074074625968933105e-01
8.450292348861694336e-01
8.594771623611450195e-01
8.277778029441833496e-01
8.412699103355407715e-01
9.305555820465087891e-01
9.027777910232543945e-01
8.750000000000000000e-01
8.589744567871093750e-01
8.518518209457397461e-01
8.666666746139526367e-01
8.703703880310058594e-01
8.571429252624511719e-01
8.333333730697631836e-01
9.047619700431823730e-01
9.333333969116210938e-01
9.629629850387573242e-01
9.126985073089599609e-01
8.650794029235839844e-01
9.351851940155029297e-01
8.827160596847534180e-01
8.680555820465087891e-01
8.333333730697631836e-01
9.285714626312255859e-01
8.589744567871093750e-01
8.888888955116271973e-01
8.809524774551391602e-01
8.216374516487121582e-01
9.166666865348815918e-01
9.722222089767456055e-01
8.296296596527099609e-01
9.222222566604614258e-01
8.472222685813903809e-01
8.888888955116271973e-01
8.395061492919921875e-01
9.166666865348815918e-01
8.187134861946105957e-01
8.981481790542602539e-01
8.506944775581359863e-01
8.796296715736389160e-01
8.388888835906982422e-01
8.592593073844909668e-01
8.450292348861694336e-01
1.000000000000000000e+00
8.541666269302368164e-01
9.047619700431823730e-01
8.472222685813903809e-01
8.379629850387573242e-01
9.040404558181762695e-01
9.444444179534912109e-01
8.576388955116271973e-01
8.827160596847534180e-01
9.444444179534912109e-01
9.444444179534912109e-01
8.666666746139526367e-01
9.222222566604614258e-01
8.398693203926086426e-01
9.166666865348815918e-01
9.444444179534912109e-01
9.027777910232543945e-01
8.981481790542602539e-01
8.777778148651123047e-01
9.259259700775146484e-01
9.333333969116210938e-01
1.000000000000000000e+00
8.450292348861694336e-01
8.398692607879638672e-01
8.819444775581359863e-01
9.444444775581359863e-01
9.166666865348815918e-01
8.549382686614990234e-01
8.750000596046447754e-01
8.277778029441833496e-01
9.055556058883666992e-01
9.259259700775146484e-01
9.111111164093017578e-01
9.722222089767456055e-01
8.703703880310058594e-01
9.351851940155029297e-01
8.827160596847534180e-01
9.222222566604614258e-01
9.444444179534912109e-01
9.097222089767456055e-01
8.981481790542602539e-01
8.479532599449157715e-01
8.555555343627929688e-01
1.000000000000000000e+00
8.529412150382995605e-01
8.675214052200317383e-01
8.944444656372070312e-01
9.444444179534912109e-01
8.703703880310058594e-01
9.000000357627868652e-01
8.625731468200683594e-01
9.166666865348815918e-01
8.809524774551391602e-01
9.166666865348815918e-01
8.391813039779663086e-01
8.730159401893615723e-01
8.787879347801208496e-01
8.888888955116271973e-01
8.580247163772583008e-01
8.765431642532348633e-01
8.666667342185974121e-01
9.259259700775146484e-01
8.589744567871093750e-01
8.362572789192199707e-01
9.027777910232543945e-01
9.000000357627868652e-01
8.555555939674377441e-01
8.402777910232543945e-01
9.259259700775146484e-01
8.981481790542602539e-01
8.425925970077514648e-01
8.592593073844909668e-01
8.888888955116271973e-01
8.675214052200317383e-01
8.222222328186035156e-01
9.166666865348815918e-01
9.722222089767456055e-01
8.562091588973999023e-01
8.298611044883728027e-01
9.444444179534912109e-01
8.660131096839904785e-01
9.166666865348815918e-01
8.229166865348815918e-01
9.166666865348815918e-01
8.611111640930175781e-01
8.395061492919921875e-01
9.444444179534912109e-01
8.632479310035705566e-01
8.680555820465087891e-01
8.564815521240234375e-01
8.717949390411376953e-01
8.888889551162719727e-01
8.636363744735717773e-01
8.686869144439697266e-01
8.750000000000000000e-01
8.888888955116271973e-01
8.421052694320678711e-01
8.450292348861694336e-01
8.703704476356506348e-01
9.629629850387573242e-01
8.444445133209228516e-01
8.666667342185974121e-01
8.657407760620117188e-01
8.944444656372070312e-01
8.366013169288635254e-01
8.725490570068359375e-01
9.000000357627868652e-01
8.391812443733215332e-01
8.888888359069824219e-01
9.074074029922485352e-01
8.333333730697631836e-01
1.000000000000000000e+00
9.222222566604614258e-01
8.576389551162719727e-01
9.074074029922485352e-01
9.333333969116210938e-01
8.518518209457397461e-01
8.611111640930175781e-01
9.722222089767456055e-01
8.888889551162719727e-01
9.722222089767456055e-01
9.141414165496826172e-01
9.074074029922485352e-01
9.444444179534912109e-01
8.362572789192199707e-01
9.222222566604614258e-01
8.000000715255737305e-01
9.722222089767456055e-01
8.535354137420654297e-01
8.611111640930175781e-01
8.555555939674377441e-01
8.809524774551391602e-01
8.271605372428894043e-01
8.842592835426330566e-01
9.722222089767456055e-01
8.686869144439697266e-01
8.444445133209228516e-01
8.660131096839904785e-01
9.097222089767456055e-01
8.368055820465087891e-01
8.769841790199279785e-01
8.968254327774047852e-01
8.632479310035705566e-01
9.166666865348815918e-01
8.809524774551391602e-01
9.097222089767456055e-01
8.809524774551391602e-01
9.126985073089599609e-01
8.240740895271301270e-01
9.629629850387573242e-01
8.388889431953430176e-01
9.074074029922485352e-01
8.464052677154541016e-01
8.737374544143676758e-01
8.391813039779663086e-01
9.629629850387573242e-01
8.849207162857055664e-01
8.594771623611450195e-01
9.333333373069763184e-01
8.888888359069824219e-01
9.333333969116210938e-01
8.580247163772583008e-01
8.479532003402709961e-01
8.838384151458740234e-01
9.074074029922485352e-01
8.464052677154541016e-01
8.632479310035705566e-01
8.402777910232543945e-01
8.383838534355163574e-01
8.376069068908691406e-01
9.206349849700927734e-01
8.717949390411376953e-01
8.849207162857055664e-01
8.504273891448974609e-01
8.944444656372070312e-01
8.888888955116271973e-01
8.611111640930175781e-01
9.097222089767456055e-01
9.206349849700927734e-01
8.750000000000000000e-01
8.529411554336547852e-01
1.000000000000000000e+00
8.703703880310058594e-01
8.769842386245727539e-01
8.740741014480590820e-01
9.444444775581359863e-01
8.686869144439697266e-01
8.888889551162719727e-01
8.803419470787048340e-01
9.444444179534912109e-01
9.629629850387573242e-01
8.717949390411376953e-01
8.958333134651184082e-01
9.074074625968933105e-01
8.585858941078186035e-01
8.827160596847534180e-01
8.444445133209228516e-01
9.629629850387573242e-01
8.450292348861694336e-01
8.636363744735717773e-01
8.368055820465087891e-01
1.000000000000000000e+00
9.259259700775146484e-01
9.305555820465087891e-01
9.537037611007690430e-01
9.629629850387573242e-01
8.888889551162719727e-01
8.464052677154541016e-01
9.166667461395263672e-01
8.364198207855224609e-01
8.592593073844909668e-01
8.632479310035705566e-01
8.138889074325561523e-01
8.638888597488403320e-01
8.541666865348815918e-01
9.000000357627868652e-01
8.981481790542602539e-01
8.888888955116271973e-01
1.000000000000000000e+00
8.888888955116271973e-01
8.580247163772583008e-01
8.636364340782165527e-01
8.416666984558105469e-01
8.740741014480590820e-01
9.444444775581359863e-01
1.000000000000000000e+00
9.074074625968933105e-01
9.351851940155029297e-01
8.518518209457397461e-01
8.461539149284362793e-01
8.814815282821655273e-01
8.981481790542602539e-01
8.645833730697631836e-01
8.981481790542602539e-01
8.416666984558105469e-01
9.047619700431823730e-01
8.730159401893615723e-01
8.555555343627929688e-01
9.555555582046508789e-01
9.047619700431823730e-01
8.487654328346252441e-01
8.395061492919921875e-01
9.259259700775146484e-01
8.935185670852661133e-01
8.625730872154235840e-01
1.000000000000000000e+00
8.452382087707519531e-01
8.567252159118652344e-01
9.382716417312622070e-01
8.944444656372070312e-01
8.472222685813903809e-01
8.594771623611450195e-01
1.000000000000000000e+00
8.888888955116271973e-01
9.259259700775146484e-01
8.787879347801208496e-01
9.166666269302368164e-01
8.722222447395324707e-01
8.547009229660034180e-01
9.059829711914062500e-01
8.981481790542602539e-01
8.939394354820251465e-01
9.351851940155029297e-01
9.629629850387573242e-01
9.206349849700927734e-01
9.285714626312255859e-01
8.680555820465087891e-01
8.769842386245727539e-01
8.796296715736389160e-01
9.333333373069763184e-01
8.657407760620117188e-01
8.888889551162719727e-01
8.660131096839904785e-01
8.580246567726135254e-01
8.888889551162719727e-01
9.259259700775146484e-01
1.000000000000000000e+00
8.838384151458740234e-01
8.750000000000000000e-01
9.111111760139465332e-01
8.703703880310058594e-01
1.000000000000000000e+00
8.611111044883728027e-01
9.027777910232543945e-01
9.444444775581359863e-01
8.666666746139526367e-01
9.000000357627868652e-01
8.611111640930175781e-01
8.777778148651123047e-01
9.333333373069763184e-01
9.444444775581359863e-01
9.166666269302368164e-01
8.472222089767456055e-01
8.666666746139526367e-01
8.944444656372070312e-01
8.654971122741699219e-01
8.750000000000000000e-01
9.444444775581359863e-01
8.950617313385009766e-01
8.769841790199279785e-01
1.000000000000000000e+00
8.787878751754760742e-01
8.796296715736389160e-01
9.166666865348815918e-01
8.803419470787048340e-01
9.012345671653747559e-01
8.518518209457397461e-01
9.285714626312255859e-01
8.888889551162719727e-01
8.950617313385009766e-01
8.846154212951660156e-01
9.583333134651184082e-01
9.444444775581359863e-01
8.777778148651123047e-01
9.537037611007690430e-01
8.777778148651123047e-01
9.059829711914062500e-01
8.611111044883728027e-01
9.166666865348815918e-01
8.958333134651184082e-01
8.730159401893615723e-01
9.259259700775146484e-01
8.784722089767456055e-01
9.583333134651184082e-01
9.000000357627868652e-01
8.703703880310058594e-01
8.750000000000000000e-01
9.126985073089599609e-01
8.425925970077514648e-01
9.444444775581359863e-01
9.814814925193786621e-01
8.809524774551391602e-01
8.888888359069824219e-01
9.259259700775146484e-01
9.722222089767456055e-01
9.055556058883666992e-01
8.888889551162719727e-01
8.450292348861694336e-01
1.000000000000000000e+00
1.000000000000000000e+00
8.737373948097229004e-01
8.888889551162719727e-01
9.074074625968933105e-01
8.928571939468383789e-01
9.206349849700927734e-01
8.715277910232543945e-01
8.625731468200683594e-01
8.666666746139526367e-01
8.425925374031066895e-01
8.531746864318847656e-01
8.803419470787048340e-01
8.391813039779663086e-01
8.611111640930175781e-01
9.222222566604614258e-01
8.300653696060180664e-01
8.777778148651123047e-01
1.000000000000000000e+00
8.950617313385009766e-01
9.722222089767456055e-01
9.222222566604614258e-01
9.555555582046508789e-01
9.206349849700927734e-01
8.888889551162719727e-01
8.444445133209228516e-01
1.000000000000000000e+00
8.567252159118652344e-01
8.939394354820251465e-01
8.819444775581359863e-01
8.784722089767456055e-01
9.222222566604614258e-01
8.571429252624511719e-01
8.645833730697631836e-01
8.657407760620117188e-01
8.641974925994873047e-01
8.686869144439697266e-01
8.777778148651123047e-01
8.538012504577636719e-01
8.715277910232543945e-01
8.611111640930175781e-01
9.537037611007690430e-01
9.047619700431823730e-01
8.750000000000000000e-01
8.596491813659667969e-01
9.047619700431823730e-01
8.692810535430908203e-01
9.012345671653747559e-01
1.000000000000000000e+00
8.703703880310058594e-01
8.858025074005126953e-01
8.968254327774047852e-01
9.666666984558105469e-01
9.055556058883666992e-01
9.583333134651184082e-01
8.734567761421203613e-01
8.562091588973999023e-01
8.547009229660034180e-01
9.722222089767456055e-01
8.888888955116271973e-01
1.000000000000000000e+00
8.803419470787048340e-01
9.351851940155029297e-01
8.583333492279052734e-01
8.854166269302368164e-01
9.236111044883728027e-01
8.518518805503845215e-01
8.487654924392700195e-01
8.790850043296813965e-01
9.126985073089599609e-01
8.760684728622436523e-01
9.722222089767456055e-01
8.888889551162719727e-01
8.692810535430908203e-01
8.416666984558105469e-01
8.803419470787048340e-01
9.166666269302368164e-01
8.950617313385009766e-01
8.935185670852661133e-01
9.861111044883728027e-01
8.508772253990173340e-01
8.888889551162719727e-01
8.989899158477783203e-01
8.431372642517089844e-01
8.950617313385009766e-01
9.166666269302368164e-01
9.666666984558105469e-01
8.803419470787048340e-01
9.222222566604614258e-01
9.285714626312255859e-01
8.796296715736389160e-01
9.583333730697631836e-01
9.135802984237670898e-01
9.222222566604614258e-01
9.444444179534912109e-01
1.000000000000000000e+00
8.611111640930175781e-01
9.126984477043151855e-01
9.583333134651184082e-01
8.846154212951660156e-01
8.796296715736389160e-01
9.027777910232543945e-01
9.222222566604614258e-01
8.819444179534912109e-01
1.000000000000000000e+00
8.888888955116271973e-01
9.097222089767456055e-01
9.017094373703002930e-01
9.047619700431823730e-01
8.611111640930175781e-01
9.841270446777343750e-01
8.974359631538391113e-01
9.444444179534912109e-01
8.838384151458740234e-01
9.814814925193786621e-01
9.166667461395263672e-01
8.508772253990173340e-01
8.717949390411376953e-01
9.343434572219848633e-01
8.562091588973999023e-01
9.444445371627807617e-01
9.814814925193786621e-01
9.305555820465087891e-01
9.305555820465087891e-01
8.576388955116271973e-01
8.672839403152465820e-01
8.645833134651184082e-01
9.097222089767456055e-01
9.444444775581359863e-01
9.259259700775146484e-01
8.740741014480590820e-01
8.777778148651123047e-01
8.830409049987792969e-01
8.625730872154235840e-01
9.444444775581359863e-01
1.000000000000000000e+00
9.206349849700927734e-01
8.541666865348815918e-01
8.758170008659362793e-01
8.450292348861694336e-01
8.611111640930175781e-01
9.444444775581359863e-01
1.000000000000000000e+00
1.000000000000000000e+00
8.803419470787048340e-01
8.576388955116271973e-01
9.444444775581359863e-01
8.809524774551391602e-01
8.981481790542602539e-01
9.814814925193786621e-01
8.690477013587951660e-01
8.684210777282714844e-01
1.000000000000000000e+00
9.074074029922485352e-01
8.703703880310058594e-01
8.680555820465087891e-01
8.666667342185974121e-01
8.888889551162719727e-01
8.888889551162719727e-01
9.722222089767456055e-01
8.388889431953430176e-01
8.931624889373779297e-01
9.126985073089599609e-01
8.849207162857055664e-01
8.858025074005126953e-01
9.814814925193786621e-01
8.444445133209228516e-01
9.666666984558105469e-01
9.814814925193786621e-01
9.444444775581359863e-01
9.259259700775146484e-01
8.333333730697631836e-01
8.692810535430908203e-01
9.027777910232543945e-01
9.583333134651184082e-01
8.842592835426330566e-01
8.538011908531188965e-01
9.222222566604614258e-01
8.888889551162719727e-01
8.925926685333251953e-01
9.126985073089599609e-01
8.638889193534851074e-01
8.925926685333251953e-01
9.629629850387573242e-01
8.740741014480590820e-01
8.935185670852661133e-01
8.625731468200683594e-01
9.444445371627807617e-01
8.846154212951660156e-01
9.259259700775146484e-01
1.000000000000000000e+00
8.518518805503845215e-01
8.541666865348815918e-01
8.750000000000000000e-01
8.742690086364746094e-01
9.629629850387573242e-01
8.846154212951660156e-01
8.981481790542602539e-01
9.285714626312255859e-01
8.500000238418579102e-01
9.012346267700195312e-01
9.259259700775146484e-01
1.000000000000000000e+00
1.000000000000000000e+00
9.320987462997436523e-01
9.135802388191223145e-01
9.055556058883666992e-01
9.111111760139465332e-01
9.206349849700927734e-01
8.796296715736389160e-01
8.641975522041320801e-01
9.603174924850463867e-01
8.715277910232543945e-01
9.059829711914062500e-01
8.734567761421203613e-01
8.703703880310058594e-01
8.692810535430908203e-01
8.842593431472778320e-01
9.444444775581359863e-01
9.722222089767456055e-01
8.692810535430908203e-01
9.097222089767456055e-01
9.222222566604614258e-01
8.809524774551391602e-01
9.523810148239135742e-01
1.000000000000000000e+00
1.000000000000000000e+00
8.823529481887817383e-01
9.444444775581359863e-01
8.888888359069824219e-01
9.351851940155029297e-01
8.703703880310058594e-01
8.725490570068359375e-01
9.814814925193786621e-01
8.703704476356506348e-01
9.814814925193786621e-01
1.000000000000000000e+00
8.854166865348815918e-01
9.236111640930175781e-01
8.888889551162719727e-01
9.135802388191223145e-01
9.444444179534912109e-01
8.362572789192199707e-01
8.694444894790649414e-01
9.629629850387573242e-01
1.000000000000000000e+00
9.444444775581359863e-01
9.120370745658874512e-01
8.660131096839904785e-01
9.212963581085205078e-01
9.111111164093017578e-01
9.444444775581359863e-01
9.444444775581359863e-01
9.012346267700195312e-01
9.652777910232543945e-01
9.444445371627807617e-01
9.120370745658874512e-01
9.285714626312255859e-01
9.040404558181762695e-01
8.694444298744201660e-01
9.166666865348815918e-01
9.814814925193786621e-01
8.690476417541503906e-01
9.777778387069702148e-01
9.055556058883666992e-01
8.814815282821655273e-01
8.694444894790649414e-01
1.000000000000000000e+00
8.769841790199279785e-01
1.000000000000000000e+00
8.833333253860473633e-01
8.703703880310058594e-01
9.111111164093017578e-01
8.666666746139526367e-01
9.365079998970031738e-01
8.750000000000000000e-01
9.222222566604614258e-01
9.365079998970031738e-01
9.583333134651184082e-01
8.888888359069824219e-01
9.444444775581359863e-01
9.583333134651184082e-01
9.141414165496826172e-01
9.320987462997436523e-01
1.000000000000000000e+00
9.102565050125122070e-01
1.000000000000000000e+00
9.444444179534912109e-01
9.444445371627807617e-01
9.007936716079711914e-01
8.851852416992187500e-01
9.444444775581359863e-01
8.725490570068359375e-01
8.690477013587951660e-01
9.583333134651184082e-01
9.320988059043884277e-01
8.803419470787048340e-01
9.027777910232543945e-01
8.944444656372070312e-01
9.236111640930175781e-01
8.939394354820251465e-01
8.596491813659667969e-01
9.040404558181762695e-01
9.135802984237670898e-01
9.555555582046508789e-01
8.962963223457336426e-01
8.801169395446777344e-01
9.285714626312255859e-01
9.259259700775146484e-01
8.830409049987792969e-01
8.611111640930175781e-01
8.771929740905761719e-01
9.583333134651184082e-01
9.444444775581359863e-01
8.962963819503784180e-01
9.135802388191223145e-01
8.784722089767456055e-01
8.830409646034240723e-01
9.206349849700927734e-01
8.827160000801086426e-01
8.950617313385009766e-01
8.888889551162719727e-01
8.888888359069824219e-01
9.027777910232543945e-01
8.838384151458740234e-01
9.365079998970031738e-01
9.629629850387573242e-01
1.000000000000000000e+00
8.856209516525268555e-01
8.923611044883728027e-01
9.777777791023254395e-01
9.259259700775146484e-01
8.456789851188659668e-01
8.809524774551391602e-01
9.523810148239135742e-01
8.703703880310058594e-01
8.625731468200683594e-01
8.796296119689941406e-01
8.888889551162719727e-01
1.000000000000000000e+00
9.111111164093017578e-01
9.444444179534912109e-01
9.012346267700195312e-01
9.629629850387573242e-01
9.305555820465087891e-01
8.993055820465087891e-01
9.320987462997436523e-01
8.838384151458740234e-01
8.666667342185974121e-01
8.814815282821655273e-01
8.888889551162719727e-01
8.851852416992187500e-01
9.629629850387573242e-01
9.206349849700927734e-01
1.000000000000000000e+00
1.000000000000000000e+00
9.583333730697631836e-01
9.555555582046508789e-01
9.814814925193786621e-01
9.444444775581359863e-01
1.000000000000000000e+00
9.292929172515869141e-01
8.801169991493225098e-01
8.888889551162719727e-01
8.388888835906982422e-01
8.830409646034240723e-01
1.000000000000000000e+00
9.777778387069702148e-01
8.856208920478820801e-01
8.931624889373779297e-01
9.603174924850463867e-01
8.928571939468383789e-01
9.012346267700195312e-01
8.722222447395324707e-01
8.725490570068359375e-01
9.111111760139465332e-01
8.567251563072204590e-01
9.059829711914062500e-01
1.000000000000000000e+00
1.000000000000000000e+00
9.305555820465087891e-01
9.059829711914062500e-01
8.725490570068359375e-01
8.645833730697631836e-01
8.562091588973999023e-01
8.931624889373779297e-01
8.725490570068359375e-01
8.765432238578796387e-01
9.375000000000000000e-01
8.680555820465087891e-01
9.074074625968933105e-01
9.523810148239135742e-01
8.758170604705810547e-01
8.861111402511596680e-01
8.842592835426330566e-01
9.285714626312255859e-01
1.000000000000000000e+00
1.000000000000000000e+00
8.962963819503784180e-01
8.627451062202453613e-01
9.292929172515869141e-01
9.111111164093017578e-01
8.771929740905761719e-01
8.851852416992187500e-01
8.805555701255798340e-01
9.027777910232543945e-01
8.931624889373779297e-01
8.993055820465087891e-01
8.765431642532348633e-01
8.989899158477783203e-01
9.444445371627807617e-01
8.777778148651123047e-01
9.861111044883728027e-01
8.567252159118652344e-01
9.603174924850463867e-01
9.444444775581359863e-01
1.000000000000000000e+00
8.796296119689941406e-01
8.627451062202453613e-01
1.000000000000000000e+00
9.273505210876464844e-01
9.305555820465087891e-01
8.803419470787048340e-01
9.141414761543273926e-01
9.777777791023254395e-01
8.769841790199279785e-01
1.000000000000000000e+00
8.611111640930175781e-01
8.769841790199279785e-01
8.750000000000000000e-01
9.814814925193786621e-01
8.472222089767456055e-01
9.382716417312622070e-01
8.928571939468383789e-01
8.388888835906982422e-01
8.765432238578796387e-01
8.989899158477783203e-01
9.814814925193786621e-01
8.555555939674377441e-01
8.750000000000000000e-01
1.000000000000000000e+00
9.375000000000000000e-01
9.722222089767456055e-01
9.197530746459960938e-01
9.285714626312255859e-01
9.444444179534912109e-01
8.888889551162719727e-01
1.000000000000000000e+00
9.017094373703002930e-01
8.958333730697631836e-01
1.000000000000000000e+00
9.513888955116271973e-01
9.090909361839294434e-01
8.954248428344726562e-01
8.472222685813903809e-01
9.814814925193786621e-01
9.166667461395263672e-01
8.888889551162719727e-01
9.012345671653747559e-01
8.981481790542602539e-01
8.954248428344726562e-01
9.523810148239135742e-01
9.444444179534912109e-01
9.027777910232543945e-01
8.666666746139526367e-01
1.000000000000000000e+00
1.000000000000000000e+00
8.993055820465087891e-01
8.555555939674377441e-01
9.259259700775146484e-01
9.814814925193786621e-01
9.907407760620117188e-01
1.000000000000000000e+00
8.450292944908142090e-01
8.730159401893615723e-01
8.888889551162719727e-01
9.682540297508239746e-01
8.725490570068359375e-01
1.000000000000000000e+00
9.259259700775146484e-01
8.888888955116271973e-01
9.777777791023254395e-01
9.040404558181762695e-01
9.222222566604614258e-01
9.012345671653747559e-01
8.861111402511596680e-01
9.102565050125122070e-01
8.919752836227416992e-01
8.694444894790649414e-01
9.191919565200805664e-01
8.856209516525268555e-01
9.141414165496826172e-01
8.694444894790649414e-01
9.888889193534851074e-01
9.292929172515869141e-01
9.861111044883728027e-01
9.722222089767456055e-01
8.730159401893615723e-01
8.923611044883728027e-01
8.703703880310058594e-01
8.861110806465148926e-01
9.236111044883728027e-01
9.259259700775146484e-01
9.722222089767456055e-01
8.758170008659362793e-01
9.320988059043884277e-01
9.222222566604614258e-01
9.444444775581359863e-01
9.102565050125122070e-01
9.259259700775146484e-01
9.444444179534912109e-01
9.305555820465087891e-01
9.777777791023254395e-01
1.000000000000000000e+00
8.823529481887817383e-01
8.888888955116271973e-01
1.000000000000000000e+00
8.856209516525268555e-01
8.742690086364746094e-01
1.000000000000000000e+00
1.000000000000000000e+00
1.000000000000000000e+00
9.236111044883728027e-01
9.059829711914062500e-01
9.603174924850463867e-01
8.958333730697631836e-01
9.537037611007690430e-01
9.259259700775146484e-01
8.830409049987792969e-01
1.000000000000000000e+00
8.784722089767456055e-01
9.191919565200805664e-01
8.758170008659362793e-01
9.629629850387573242e-01
9.555556178092956543e-01
8.819444179534912109e-01
8.833333253860473633e-01
9.907407760620117188e-01
9.603174924850463867e-01
1.000000000000000000e+00
9.555556178092956543e-01
9.666666984558105469e-01
9.141415357589721680e-01
9.513888359069824219e-01
9.777777791023254395e-01
8.888889551162719727e-01
9.242424964904785156e-01
8.771929740905761719e-01
9.305555820465087891e-01
9.087302684783935547e-01
9.375000000000000000e-01
8.962963819503784180e-01
9.382716417312622070e-01
9.166666865348815918e-01
9.236111044883728027e-01
9.166667461395263672e-01
9.000000953674316406e-01
1.000000000000000000e+00
9.126985073089599609e-01
9.005847573280334473e-01
9.777777791023254395e-01
9.166666269302368164e-01
9.242424368858337402e-01
9.000000357627868652e-01
9.888889193534851074e-01
9.523810148239135742e-01
9.007936716079711914e-01
8.859649300575256348e-01
1.000000000000000000e+00
9.444444179534912109e-01
9.777777791023254395e-01
9.444444775581359863e-01
8.580247163772583008e-01
8.472222685813903809e-01
9.074074625968933105e-01
9.074074029922485352e-01
9.277778267860412598e-01
9.197531342506408691e-01
9.206349849700927734e-01
1.000000000000000000e+00
9.555555582046508789e-01
9.197530746459960938e-01
9.259259700775146484e-01
8.796296715736389160e-01
9.320987462997436523e-01
8.928571939468383789e-01
8.713450431823730469e-01
1.000000000000000000e+00
9.074074029922485352e-01
9.652777910232543945e-01
9.111111164093017578e-01
9.222222566604614258e-01
9.351851940155029297e-01
9.166667461395263672e-01
9.722222089767456055e-01
8.672839403152465820e-01
9.090909361839294434e-01
8.805556297302246094e-01
8.856209516525268555e-01
9.777778387069702148e-01
9.166666865348815918e-01
9.537037611007690430e-01
9.242424368858337402e-01
1.000000000000000000e+00
8.993055820465087891e-01
9.722222089767456055e-01
9.537037611007690430e-01
8.823529481887817383e-01
9.861111044883728027e-01
9.351851940155029297e-01
8.814815282821655273e-01
1.000000000000000000e+00
9.166667461395263672e-01
1.000000000000000000e+00
9.444445371627807617e-01
9.888889193534851074e-01
9.111111164093017578e-01
8.694444298744201660e-01
9.166666865348815918e-01
8.777777552604675293e-01
9.007937312126159668e-01
1.000000000000000000e+00
9.166667461395263672e-01
9.506173133850097656e-01
9.333333969116210938e-01
9.629629850387573242e-01
9.037037491798400879e-01
1.000000000000000000e+00
9.444445371627807617e-01
1.000000000000000000e+00
8.703703880310058594e-01
8.814815282821655273e-01
8.740741014480590820e-01
8.888888955116271973e-01
9.047619700431823730e-01
1.000000000000000000e+00
9.523810148239135742e-01
9.595959186553955078e-01
8.944444656372070312e-01
8.814815282821655273e-01
1.000000000000000000e+00
8.981481790542602539e-01
8.939394354820251465e-01
9.444444179534912109e-01
9.375000000000000000e-01
8.888888955116271973e-01
8.819444179534912109e-01
9.382716417312622070e-01
9.259259104728698730e-01
8.611111640930175781e-01
9.722222089767456055e-01
9.259259700775146484e-01
9.040403962135314941e-01
8.888889551162719727e-01
8.527777791023254395e-01
9.513888359069824219e-01
9.861111044883728027e-01
9.197530746459960938e-01
9.398148655891418457e-01
9.722222089767456055e-01
9.722222089767456055e-01
8.784722089767456055e-01
9.603174924850463867e-01
9.722222089767456055e-01
9.907407760620117188e-01
8.645833730697631836e-01
8.796296119689941406e-01
8.765432238578796387e-01
8.918128609657287598e-01
1.000000000000000000e+00
8.680555820465087891e-01
9.259259104728698730e-01
8.672839403152465820e-01
8.805555105209350586e-01
9.861111044883728027e-01
8.919752836227416992e-01
9.292929768562316895e-01
8.730159401893615723e-01
9.230769872665405273e-01
9.273505210876464844e-01
9.277777671813964844e-01
9.888889193534851074e-01
8.823529481887817383e-01
9.761905670166015625e-01
9.047619700431823730e-01
9.320988059043884277e-01
9.722222089767456055e-01
1.000000000000000000e+00
8.888888955116271973e-01
9.166666865348815918e-01
9.513888955116271973e-01
9.333333969116210938e-01
1.000000000000000000e+00
9.814814925193786621e-01
9.305555820465087891e-01
9.040404558181762695e-01
9.242424368858337402e-01
9.444444179534912109e-01
1.000000000000000000e+00
9.791666269302368164e-01
8.981481790542602539e-01
1.000000000000000000e+00
8.962963223457336426e-01
1.000000000000000000e+00
9.242424964904785156e-01
9.513888359069824219e-01
9.273505210876464844e-01
1.000000000000000000e+00
8.888888955116271973e-01
9.444444775581359863e-01
1.000000000000000000e+00
8.989899158477783203e-01
1.000000000000000000e+00
8.986927866935729980e-01
9.861111044883728027e-01
9.603174924850463867e-01
9.333333969116210938e-01
8.790850043296813965e-01
9.242424964904785156e-01
9.126985073089599609e-01
9.888889193534851074e-01
9.382716417312622070e-01
1.000000000000000000e+00
8.919753432273864746e-01
9.212963581085205078e-01
9.222222566604614258e-01
1.000000000000000000e+00
9.888889193534851074e-01
9.691358208656311035e-01
9.444444179534912109e-01
8.962963223457336426e-01
1.000000000000000000e+00
9.019608497619628906e-01
8.962963819503784180e-01
9.141414165496826172e-01
9.212963581085205078e-01
9.259259700775146484e-01
1.000000000000000000e+00
8.861111402511596680e-01
8.859649300575256348e-01
9.316239953041076660e-01
8.888888955116271973e-01
8.921568989753723145e-01
1.000000000000000000e+00
9.537037611007690430e-01
9.248365759849548340e-01
9.040404558181762695e-01
1.000000000000000000e+00
1.000000000000000000e+00
9.111111164093017578e-01
9.104937911033630371e-01
9.292929172515869141e-01
9.166667461395263672e-01
9.074074029922485352e-01
8.814815282821655273e-01
1.000000000000000000e+00
1.000000000000000000e+00
9.166666865348815918e-01
1.000000000000000000e+00
9.888889193534851074e-01
8.888888955116271973e-01
9.388889074325561523e-01
8.672839403152465820e-01
8.827160596847534180e-01
9.333333969116210938e-01
8.993055820465087891e-01
9.111111164093017578e-01
9.333333969116210938e-01
8.692810535430908203e-01
9.375000000000000000e-01
8.567250967025756836e-01
9.506173133850097656e-01
8.888889551162719727e-01
9.277778267860412598e-01
1.000000000000000000e+00
9.145299792289733887e-01
9.206349849700927734e-01
9.059829711914062500e-01
9.166667461395263672e-01
9.888889193534851074e-01
9.074074625968933105e-01
8.740741014480590820e-01
9.074074625968933105e-01
9.666666984558105469e-01
9.555556178092956543e-01
9.444445371627807617e-01
8.765432238578796387e-01
9.537037611007690430e-01
8.861111402511596680e-01
9.166666865348815918e-01
9.444444179534912109e-01
1.000000000000000000e+00
9.141414165496826172e-01
9.343434572219848633e-01
9.500000476837158203e-01
9.166666865348815918e-01
9.722222089767456055e-01
8.962963223457336426e-01
1.000000000000000000e+00
9.084967374801635742e-01
9.351851940155029297e-01
8.801169991493225098e-01
9.090909361839294434e-01
9.444444775581359863e-01
8.981481790542602539e-01
1.000000000000000000e+00
9.583333730697631836e-01
9.333333969116210938e-01
1.000000000000000000e+00
8.962963819503784180e-01
9.007937312126159668e-01
9.206349849700927734e-01
8.666667342185974121e-01
1.000000000000000000e+00
1.000000000000000000e+00
9.382716417312622070e-01
9.388889074325561523e-01
9.222222566604614258e-01
9.097222089767456055e-01
8.722221851348876953e-01
9.583333134651184082e-01
9.888889193534851074e-01
9.393939375877380371e-01
9.090909957885742188e-01
9.523810148239135742e-01
9.629629850387573242e-01
1.000000000000000000e+00
9.629629850387573242e-01
9.059829711914062500e-01
1.000000000000000000e+00
9.027778506278991699e-01
8.672839403152465820e-01
9.652777910232543945e-01
8.989899158477783203e-01
9.007937312126159668e-01
1.000000000000000000e+00
1.000000000000000000e+00
9.343434572219848633e-01
9.064327478408813477e-01
8.827160596847534180e-01
9.555555582046508789e-01
1.000000000000000000e+00
9.320988059043884277e-01
1.000000000000000000e+00
8.888889551162719727e-01
8.722221851348876953e-01
8.989899158477783203e-01
9.222222566604614258e-01
1.000000000000000000e+00
8.666666746139526367e-01
1.000000000000000000e+00
9.388889074325561523e-01
9.722222089767456055e-01
9.012345075607299805e-01
1.000000000000000000e+00
9.761905670166015625e-01
9.017094373703002930e-01
9.062500000000000000e-01
9.316239953041076660e-01
9.523810148239135742e-01
8.859649300575256348e-01
9.111111760139465332e-01
9.097222089767456055e-01
8.809524774551391602e-01
8.580247163772583008e-01
9.393939971923828125e-01
1.000000000000000000e+00
9.777777791023254395e-01
9.777777791023254395e-01
9.188034534454345703e-01
9.358974695205688477e-01
9.027777910232543945e-01
8.641974925994873047e-01
8.758170008659362793e-01
8.660131096839904785e-01
1.000000000000000000e+00
8.641975522041320801e-01
8.849207162857055664e-01
9.722222089767456055e-01
8.888888955116271973e-01
9.242424368858337402e-01
1.000000000000000000e+00
9.666666984558105469e-01
1.000000000000000000e+00
9.444444179534912109e-01
1.000000000000000000e+00
9.222222566604614258e-01
1.000000000000000000e+00
9.888889193534851074e-01
9.027777910232543945e-01
8.742690086364746094e-01
8.976607918739318848e-01
8.638888597488403320e-01
9.259259700775146484e-01
9.920635223388671875e-01
9.027777314186096191e-01
9.583333134651184082e-01
9.444444775581359863e-01
1.000000000000000000e+00
1.000000000000000000e+00
1.000000000000000000e+00
1.000000000000000000e+00
9.212963581085205078e-01
8.888889551162719727e-01
9.652777910232543945e-01
8.692810535430908203e-01
8.947368860244750977e-01
1.000000000000000000e+00
8.968254327774047852e-01
9.102565050125122070e-01
9.777778387069702148e-01
1.000000000000000000e+00
1.000000000000000000e+00
9.222222566604614258e-01
8.851852416992187500e-01
8.888888955116271973e-01
9.513888359069824219e-01
9.861111044883728027e-01
8.968254327774047852e-01
8.796296119689941406e-01
9.019608497619628906e-01
1.000000000000000000e+00
9.666666984558105469e-01
9.401710033416748047e-01
9.206349849700927734e-01
8.784722685813903809e-01
8.771930336952209473e-01
8.993055820465087891e-01
9.351851940155029297e-01
9.166667461395263672e-01
9.513888359069824219e-01
8.888889551162719727e-01
9.320988059043884277e-01
8.888888955116271973e-01
8.801169395446777344e-01
9.490741491317749023e-01
8.771929740905761719e-01
1.000000000000000000e+00
9.791666269302368164e-01
9.382716417312622070e-01
9.145299792289733887e-01
9.074074029922485352e-01
9.206349849700927734e-01
8.827160596847534180e-01
9.212963581085205078e-01
9.652777910232543945e-01
9.097222089767456055e-01
9.222222566604614258e-01
9.444444775581359863e-01
9.523810148239135742e-01
9.861111044883728027e-01
9.222222566604614258e-01
8.771929740905761719e-01
9.401710033416748047e-01
9.444444179534912109e-01
9.595959782600402832e-01
9.583333134651184082e-01
9.722222089767456055e-01
8.583333492279052734e-01
9.320987462997436523e-01
1.000000000000000000e+00
1.000000000000000000e+00
8.805555701255798340e-01
1.000000000000000000e+00
9.652777910232543945e-01
9.500000476837158203e-01
8.993055820465087891e-01
9.722222089767456055e-01
9.222222566604614258e-01
9.555556178092956543e-01
9.761905074119567871e-01
1.000000000000000000e+00
8.888888955116271973e-01
9.652777910232543945e-01
8.819444179534912109e-01
9.191919565200805664e-01
9.259259700775146484e-01
9.682540297508239746e-01
9.444444775581359863e-01
9.814814925193786621e-01
8.827160596847534180e-01
9.305555820465087891e-01
8.888889551162719727e-01
9.135802984237670898e-01
1.000000000000000000e+00
8.851852416992187500e-01
1.000000000000000000e+00
1.000000000000000000e+00
8.750000000000000000e-01
1.000000000000000000e+00
1.000000000000000000e+00
9.567901492118835449e-01
9.273505210876464844e-01
9.907407760620117188e-01
9.444445371627807617e-01
8.931624889373779297e-01
1.000000000000000000e+00
1.000000000000000000e+00
9.126985073089599609e-01
9.358974695205688477e-01
8.916666507720947266e-01
1.000000000000000000e+00
9.102565050125122070e-01
9.583333134651184082e-01
9.841270446777343750e-01
9.117647409439086914e-01
9.888889193534851074e-01
9.888889193534851074e-01
9.907407760620117188e-01
8.654971122741699219e-01
8.803419470787048340e-01
9.444444179534912109e-01
8.827160596847534180e-01
9.052287340164184570e-01
8.858024477958679199e-01
9.097222089767456055e-01
9.652777910232543945e-01
9.523810148239135742e-01
9.888889193534851074e-01
1.000000000000000000e+00
8.981481790542602539e-01
9.084967374801635742e-01
8.861111402511596680e-01
9.761905670166015625e-01
9.104938507080078125e-01
9.145299792289733887e-01
8.888888359069824219e-01
9.040404558181762695e-01
8.958333730697631836e-01
1.000000000000000000e+00
9.555555582046508789e-01
8.993055820465087891e-01
9.888889193534851074e-01
9.393939375877380371e-01
8.974359631538391113e-01
9.814814925193786621e-01
9.375000000000000000e-01
1.000000000000000000e+00
8.888889551162719727e-01
9.382716417312622070e-01
9.166666865348815918e-01
9.111111164093017578e-01
9.148148894309997559e-01
9.506173133850097656e-01
9.166667461395263672e-01
9.444444179534912109e-01
8.777778148651123047e-01
9.064327478408813477e-01
1.000000000000000000e+00
9.093567132949829102e-01
9.166667461395263672e-01
9.629629850387573242e-01
9.052287340164184570e-01
8.916667103767395020e-01
9.393939375877380371e-01
9.259259700775146484e-01
1.000000000000000000e+00
8.801169991493225098e-01
9.629629850387573242e-01
9.907407760620117188e-01
9.537037611007690430e-01
1.000000000000000000e+00
1.000000000000000000e+00
1.000000000000000000e+00
9.652777910232543945e-01
1.000000000000000000e+00
9.583333134651184082e-01
9.682540297508239746e-01
1.000000000000000000e+00
1.000000000000000000e+00
8.986927866935729980e-01
9.047619700431823730e-01
8.954248428344726562e-01
9.188034534454345703e-01
9.629629850387573242e-01
9.444444179534912109e-01
1.000000000000000000e+00
8.694444894790649414e-01
9.166667461395263672e-01
9.398148655891418457e-01
9.907407760620117188e-01
1.000000000000000000e+00
1.000000000000000000e+00
9.305555820465087891e-01
9.242424368858337402e-01
9.277778267860412598e-01
9.444445371627807617e-01
1.000000000000000000e+00
9.506173133850097656e-01
9.500000476837158203e-01
9.393939971923828125e-01
8.859649896621704102e-01
9.722222089767456055e-01
8.527778387069702148e-01
9.040404558181762695e-01
8.976607918739318848e-01
8.500000238418579102e-01
1.000000000000000000e+00
9.074074625968933105e-01
9.603174924850463867e-01
9.777777791023254395e-01
9.064328074455261230e-01
9.444445371627807617e-01
1.000000000000000000e+00
8.790850043296813965e-01
8.638888597488403320e-01
9.814814925193786621e-01
8.921568989753723145e-01
9.444444775581359863e-01
9.027778506278991699e-01
9.814814925193786621e-01
9.212963581085205078e-01
8.947368264198303223e-01
9.126985073089599609e-01
1.000000000000000000e+00
8.742690086364746094e-01
9.814814925193786621e-01
9.259259700775146484e-01
9.444444775581359863e-01
9.444444775581359863e-01
9.126985073089599609e-01
9.188034534454345703e-01
8.734568357467651367e-01
9.316239953041076660e-01
1.000000000000000000e+00
9.814814925193786621e-01
9.201388955116271973e-01
8.888889551162719727e-01
9.761905670166015625e-01
9.444444775581359863e-01
9.814814925193786621e-01
9.761905670166015625e-01
8.981481790542602539e-01
8.859649300575256348e-01
9.444444775581359863e-01
9.777778387069702148e-01
8.986927866935729980e-01
1.000000000000000000e+00
8.981480598449707031e-01
9.500000476837158203e-01
8.833334445953369141e-01
8.713450431823730469e-01
8.742690086364746094e-01
1.000000000000000000e+00
9.126984477043151855e-01
9.382716417312622070e-01
8.993055820465087891e-01
9.393939971923828125e-01
9.074074029922485352e-01
8.771929740905761719e-01
9.019607901573181152e-01
9.920635223388671875e-01
8.950617313385009766e-01
9.666666984558105469e-01
1.000000000000000000e+00
9.388889074325561523e-01
8.993055224418640137e-01
8.819444179534912109e-01
9.230769872665405273e-01
1.000000000000000000e+00
8.854167461395263672e-01
8.859648704528808594e-01
9.087302684783935547e-01
9.087302088737487793e-01
9.907407760620117188e-01
1.000000000000000000e+00
9.305555224418640137e-01
8.986927866935729980e-01
1.000000000000000000e+00
9.145299792289733887e-01
9.652777910232543945e-01
1.000000000000000000e+00
9.444445371627807617e-01
9.791666269302368164e-01
9.506173133850097656e-01
9.833333492279052734e-01
1.000000000000000000e+00
1.000000000000000000e+00
9.529914855957031250e-01
9.292929172515869141e-01
9.388889074325561523e-01
1.000000000000000000e+00
8.944444656372070312e-01
9.494949579238891602e-01
8.919752836227416992e-01
9.027777910232543945e-01
8.981481790542602539e-01
9.242424368858337402e-01
1.000000000000000000e+00
1.000000000000000000e+00
9.907407760620117188e-01
9.320987462997436523e-01
9.753086566925048828e-01
9.340277314186096191e-01
9.490740895271301270e-01
9.230769872665405273e-01
9.027778506278991699e-01
9.753086566925048828e-01
9.920635223388671875e-01
8.931624889373779297e-01
9.166667461395263672e-01
9.212963581085205078e-01
9.145299792289733887e-01
9.682540297508239746e-01
8.713450431823730469e-01
9.027777910232543945e-01
9.122806787490844727e-01
8.742690086364746094e-01
9.722222089767456055e-01
8.567251563072204590e-01
9.206349849700927734e-01
9.861111044883728027e-01
9.652777910232543945e-01
9.000000953674316406e-01
9.191919565200805664e-01
1.000000000000000000e+00
9.696969985961914062e-01
9.500000476837158203e-01
9.920635223388671875e-01
1.000000000000000000e+00
8.859648704528808594e-01
9.603174924850463867e-01
8.976607322692871094e-01
9.325397610664367676e-01
9.841270446777343750e-01
9.074074625968933105e-01
8.950617313385009766e-01
9.444445371627807617e-01
9.930555820465087891e-01
9.188034534454345703e-01
9.047619700431823730e-01
1.000000000000000000e+00
9.583333134651184082e-01
9.005848169326782227e-01
1.000000000000000000e+00
9.682540297508239746e-01
9.583333730697631836e-01
1.000000000000000000e+00
9.259259700775146484e-01
9.691358208656311035e-01
1.000000000000000000e+00
1.000000000000000000e+00
8.888889551162719727e-01
1.000000000000000000e+00
1.000000000000000000e+00
1.000000000000000000e+00
9.791666269302368164e-01
9.761905670166015625e-01
9.814814925193786621e-01
1.000000000000000000e+00
9.401710033416748047e-01
9.907407760620117188e-01
8.692810535430908203e-01
8.958333730697631836e-01
9.500000476837158203e-01
8.888888955116271973e-01
8.777778148651123047e-01
9.494949579238891602e-01
9.444445371627807617e-01
8.784722089767456055e-01
1.000000000000000000e+00
9.365079998970031738e-01
9.652777910232543945e-01
8.918128013610839844e-01
1.000000000000000000e+00
9.393939971923828125e-01
9.131944179534912109e-01
9.861111044883728027e-01
9.185185432434082031e-01
8.888889551162719727e-01
9.500000476837158203e-01
9.907407760620117188e-01
9.814814925193786621e-01
1.000000000000000000e+00
8.954248428344726562e-01
1.000000000000000000e+00
9.111111760139465332e-01
9.246032238006591797e-01
1.000000000000000000e+00
9.814814925193786621e-01
1.000000000000000000e+00
8.928571939468383789e-01
9.500000476837158203e-01
9.316239953041076660e-01
1.000000000000000000e+00
9.513888359069824219e-01
9.000000357627868652e-01
8.833333253860473633e-01
9.062500000000000000e-01
9.135801792144775391e-01
9.888889193534851074e-01
9.230769872665405273e-01
1.000000000000000000e+00
9.722222089767456055e-01
1.000000000000000000e+00
9.583333730697631836e-01
1.000000000000000000e+00
9.090909361839294434e-01
8.918128609657287598e-01
1.000000000000000000e+00
1.000000000000000000e+00
8.888888955116271973e-01
9.722222089767456055e-01
9.777778387069702148e-01
8.833333849906921387e-01
1.000000000000000000e+00
9.404762983322143555e-01
9.494949579238891602e-01
9.259259700775146484e-01
9.305555820465087891e-01
9.722222089767456055e-01
1.000000000000000000e+00
9.037037491798400879e-01
1.000000000000000000e+00
1.000000000000000000e+00
8.888888359069824219e-01
9.188034534454345703e-01
1.000000000000000000e+00
9.388889074325561523e-01
9.035087823867797852e-01
9.652777910232543945e-01
9.537037611007690430e-01
1.000000000000000000e+00
1.000000000000000000e+00
9.791666269302368164e-01
9.920635223388671875e-01
9.259259700775146484e-01
9.629629850387573242e-01
8.918128609657287598e-01
9.055556058883666992e-01
8.954248428344726562e-01
9.185185432434082031e-01
1.000000000000000000e+00
9.166666269302368164e-01
1.000000000000000000e+00
9.888889193534851074e-01
1.000000000000000000e+00
8.950617313385009766e-01
8.715277910232543945e-01
1.000000000000000000e+00
1.000000000000000000e+00
1.000000000000000000e+00
9.545454978942871094e-01
1.000000000000000000e+00
1.000000000000000000e+00
9.047619700431823730e-01
8.777778148651123047e-01
1.000000000000000000e+00
8.918128609657287598e-01
9.019607901573181152e-01
8.976608514785766602e-01
1.000000000000000000e+00
9.888889193534851074e-01
9.696969985961914062e-01
9.270832538604736328e-01
9.791666269302368164e-01
9.325397610664367676e-01
1.000000000000000000e+00
9.188034534454345703e-01
9.273505210876464844e-01
9.888889193534851074e-01
9.166666865348815918e-01
9.131944775581359863e-01
1.000000000000000000e+00
9.166667461395263672e-01
9.753086566925048828e-01
9.166667461395263672e-01
1.000000000000000000e+00
1.000000000000000000e+00
9.652777910232543945e-01
1.000000000000000000e+00
9.444445371627807617e-01
9.043209552764892578e-01
9.907407760620117188e-01
9.043210148811340332e-01
9.201388955116271973e-01
9.296296834945678711e-01
9.277777671813964844e-01
9.529914855957031250e-01
8.771929740905761719e-01
9.166666865348815918e-01
1.000000000000000000e+00
9.629629850387573242e-01
9.012346267700195312e-01
1.000000000000000000e+00
9.236111044883728027e-01
1.000000000000000000e+00
8.856209516525268555e-01
9.343434572219848633e-01
9.035087823867797852e-01
9.043209552764892578e-01
9.285715222358703613e-01
8.950617313385009766e-01
9.246032238006591797e-01
9.012346267700195312e-01
1.000000000000000000e+00
9.316239953041076660e-01
9.920635223388671875e-01
9.444445371627807617e-01
9.907407760620117188e-01
1.000000000000000000e+00
9.920635223388671875e-01
9.166667461395263672e-01
9.242424964904785156e-01
8.801169395446777344e-01
8.830409646034240723e-01
1.000000000000000000e+00
9.920635223388671875e-01
8.777778148651123047e-01
9.064328074455261230e-01
9.062500000000000000e-01
9.753086566925048828e-01
9.841270446777343750e-01
8.750000000000000000e-01
9.375000000000000000e-01
9.365079998970031738e-01
9.444444775581359863e-01
