6.760652065277099609e-01
5.204240083694458008e-01
6.486060619354248047e-01
4.903010129928588867e-01
4.391217827796936035e-01
4.210333824157714844e-01
5.111129283905029297e-01
4.832479655742645264e-01
3.962318301200866699e-01
5.643681287765502930e-01
4.197040498256683350e-01
5.115978717803955078e-01
3.495687246322631836e-01
3.488079607486724854e-01
3.581464290618896484e-01
3.449674844741821289e-01
3.549004197120666504e-01
3.613635301589965820e-01
3.447449803352355957e-01
4.111283421516418457e-01
3.603348433971405029e-01
3.145038485527038574e-01
3.373496532440185547e-01
3.263321220874786377e-01
3.136758506298065186e-01
3.224833607673645020e-01
4.210104942321777344e-01
3.466905951499938965e-01
2.967872917652130127e-01
3.229416608810424805e-01
3.252930045127868652e-01
3.227312564849853516e-01
3.011885285377502441e-01
2.975375950336456299e-01
3.073142766952514648e-01
3.089821636676788330e-01
4.309863746166229248e-01
3.005824387073516846e-01
3.187036514282226562e-01
2.971412539482116699e-01
3.643314838409423828e-01
2.949926257133483887e-01
3.006250858306884766e-01
2.921450138092041016e-01
3.000413179397583008e-01
2.995465993881225586e-01
2.748084068298339844e-01
3.174281120300292969e-01
2.650482654571533203e-01
2.915349602699279785e-01
2.877230644226074219e-01
2.484417557716369629e-01
2.758077979087829590e-01
2.859992384910583496e-01
2.689978480339050293e-01
2.926179766654968262e-01
2.387519180774688721e-01
2.779785394668579102e-01
2.954663932323455811e-01
2.717518806457519531e-01
3.070334792137145996e-01
2.652173638343811035e-01
3.045388460159301758e-01
2.955159544944763184e-01
2.843068838119506836e-01
2.607085108757019043e-01
2.519194483757019043e-01
2.973612546920776367e-01
3.057787120342254639e-01
2.815267443656921387e-01
3.069907128810882568e-01
2.762846350669860840e-01
2.874572277069091797e-01
2.972673475742340088e-01
2.661287188529968262e-01
2.950395345687866211e-01
2.953058183193206787e-01
2.805686295032501221e-01
2.191900014877319336e-01
2.707400023937225342e-01
3.269183635711669922e-01
2.925922870635986328e-01
2.373879253864288330e-01
2.691553533077239990e-01
2.673195302486419678e-01
2.539130747318267822e-01
2.556118965148925781e-01
2.926174104213714600e-01
2.590661346912384033e-01
2.380785048007965088e-01
2.893674373626708984e-01
2.462340295314788818e-01
2.898269891738891602e-01
2.956345081329345703e-01
2.751618027687072754e-01
2.969341278076171875e-01
2.426324635744094849e-01
2.791757881641387939e-01
2.024437487125396729e-01
2.988528609275817871e-01
2.541952133178710938e-01
1.810885369777679443e-01
1.871903836727142334e-01
2.711121141910552979e-01
2.408602088689804077e-01
2.445648610591888428e-01
2.312556505203247070e-01
2.923469543457031250e-01
2.783830165863037109e-01
2.819165289402008057e-01
1.704753190279006958e-01
2.662871479988098145e-01
2.953228354454040527e-01
2.829068899154663086e-01
2.862018346786499023e-01
2.787047028541564941e-01
2.599076926708221436e-01
2.582823038101196289e-01
2.409982830286026001e-01
2.602939009666442871e-01
2.814984917640686035e-01
2.389441430568695068e-01
2.950899004936218262e-01
1.697220653295516968e-01
2.798880338668823242e-01
2.881644368171691895e-01
2.725721001625061035e-01
2.319890409708023071e-01
2.868528366088867188e-01
2.330147624015808105e-01
2.836891412734985352e-01
2.679366767406463623e-01
1.661399453878402710e-01
2.619010508060455322e-01
2.503544092178344727e-01
1.831318736076354980e-01
2.612316608428955078e-01
1.651214510202407837e-01
2.549121975898742676e-01
2.769594490528106689e-01
2.086032032966613770e-01
2.478714883327484131e-01
2.190327346324920654e-01
2.479905635118484497e-01
2.641710042953491211e-01
2.189264446496963501e-01
1.896470487117767334e-01
2.843427062034606934e-01
2.959886193275451660e-01
2.791213393211364746e-01
2.769441008567810059e-01
2.621842324733734131e-01
2.120932489633560181e-01
2.186713367700576782e-01
2.791199684143066406e-01
2.762939333915710449e-01
2.799408733844757080e-01
2.859809994697570801e-01
2.043652534484863281e-01
2.705473303794860840e-01
1.979499757289886475e-01
2.664801478385925293e-01
2.801085710525512695e-01
1.927663534879684448e-01
2.714142799377441406e-01
2.795445919036865234e-01
2.825995087623596191e-01
2.779184579849243164e-01
2.734464406967163086e-01
2.426436841487884521e-01
1.997977197170257568e-01
2.466986179351806641e-01
2.749912142753601074e-01
2.333079427480697632e-01
2.794358134269714355e-01
2.828388810157775879e-01
2.082997560501098633e-01
2.703413367271423340e-01
2.373553961515426636e-01
2.754402756690979004e-01
1.718021631240844727e-01
2.792252600193023682e-01
2.305618375539779663e-01
2.317808270454406738e-01
1.690662503242492676e-01
2.775341868400573730e-01
1.644739210605621338e-01
2.584441602230072021e-01
1.555071175098419189e-01
2.087109535932540894e-01
1.825083494186401367e-01
2.711248397827148438e-01
2.516449987888336182e-01
2.734430134296417236e-01
2.506262958049774170e-01
1.718388944864273071e-01
2.287849485874176025e-01
1.873050332069396973e-01
2.713222205638885498e-01
1.731063723564147949e-01
2.506039738655090332e-01
2.402912974357604980e-01
1.837842762470245361e-01
2.757073044776916504e-01
2.592262327671051025e-01
2.828806042671203613e-01
2.739441990852355957e-01
1.971141546964645386e-01
1.915788054466247559e-01
2.396528124809265137e-01
2.703269124031066895e-01
2.474224269390106201e-01
2.513257563114166260e-01
2.426815629005432129e-01
2.133697271347045898e-01
2.851263880729675293e-01
2.218208014965057373e-01
1.785632520914077759e-01
1.437260657548904419e-01
2.084618210792541504e-01
2.274835109710693359e-01
1.906363368034362793e-01
2.471398115158081055e-01
2.466918230056762695e-01
2.647681236267089844e-01
1.950159817934036255e-01
2.626352012157440186e-01
2.166187763214111328e-01
2.364726066589355469e-01
2.823211550712585449e-01
1.354473531246185303e-01
1.436863839626312256e-01
2.646659612655639648e-01
1.659994125366210938e-01
2.643582820892333984e-01
2.079091668128967285e-01
2.430745661258697510e-01
1.335536241531372070e-01
2.853806018829345703e-01
1.752519309520721436e-01
2.648370265960693359e-01
2.300145477056503296e-01
2.825739681720733643e-01
2.639551758766174316e-01
2.695990204811096191e-01
1.377230733633041382e-01
2.500157356262207031e-01
2.095478475093841553e-01
2.743932604789733887e-01
2.653729319572448730e-01
2.190488278865814209e-01
1.277981698513031006e-01
2.726787924766540527e-01
2.270696163177490234e-01
1.144178137183189392e-01
1.432980000972747803e-01
2.524886727333068848e-01
1.611077636480331421e-01
2.885058522224426270e-01
1.216830834746360779e-01
1.265545040369033813e-01
1.876015067100524902e-01
2.028220593929290771e-01
2.214388698339462280e-01
1.709348857402801514e-01
1.444597393274307251e-01
1.219216734170913696e-01
2.706547379493713379e-01
2.721951901912689209e-01
2.268795967102050781e-01
1.545628011226654053e-01
1.218216270208358765e-01
2.848533987998962402e-01
2.212516367435455322e-01
2.782458662986755371e-01
2.145773321390151978e-01
1.526659578084945679e-01
1.869672685861587524e-01
1.187808588147163391e-01
2.319290935993194580e-01
1.806278228759765625e-01
2.353399991989135742e-01
1.714315414428710938e-01
1.155909225344657898e-01
1.795304119586944580e-01
2.218503952026367188e-01
2.658213675022125244e-01
2.598800063133239746e-01
1.282458454370498657e-01
2.576888799667358398e-01
2.433419972658157349e-01
2.113136053085327148e-01
1.279923021793365479e-01
2.505043148994445801e-01
2.169269174337387085e-01
2.545732259750366211e-01
1.996203362941741943e-01
2.209759652614593506e-01
1.980577856302261353e-01
2.723188698291778564e-01
2.411981523036956787e-01
2.324596047401428223e-01
1.980076432228088379e-01
2.393192052841186523e-01
2.136903703212738037e-01
2.224588692188262939e-01
1.264842152595520020e-01
2.427157610654830933e-01
2.786549925804138184e-01
1.609916388988494873e-01
1.990214139223098755e-01
2.394080609083175659e-01
2.569535076618194580e-01
1.840893775224685669e-01
2.263422906398773193e-01
2.640278041362762451e-01
2.625578641891479492e-01
2.188737243413925171e-01
2.511051297187805176e-01
2.890337109565734863e-01
1.232715323567390442e-01
1.128021180629730225e-01
2.525523602962493896e-01
2.671329081058502197e-01
1.146632507443428040e-01
2.405108362436294556e-01
1.208936423063278198e-01
2.615107893943786621e-01
1.507505178451538086e-01
2.373287677764892578e-01
2.741647958755493164e-01
1.185615360736846924e-01
2.480536997318267822e-01
2.453363239765167236e-01
2.524410486221313477e-01
2.328997552394866943e-01
2.213083803653717041e-01
2.470990419387817383e-01
2.524187564849853516e-01
2.429412603378295898e-01
1.975553929805755615e-01
2.900886237621307373e-01
2.757371664047241211e-01
2.171917557716369629e-01
1.249327212572097778e-01
2.729490101337432861e-01
2.400201708078384399e-01
2.510472834110260010e-01
2.028632611036300659e-01
2.771279811859130859e-01
2.630595564842224121e-01
1.964277774095535278e-01
2.776432037353515625e-01
2.072505354881286621e-01
1.890704035758972168e-01
2.534013390541076660e-01
1.046873927116394043e-01
1.567633152008056641e-01
2.632231116294860840e-01
2.047500610351562500e-01
1.844992637634277344e-01
2.500493228435516357e-01
2.543584704399108887e-01
9.327317029237747192e-02
2.327632009983062744e-01
9.937800467014312744e-02
2.134968787431716919e-01
1.970743983983993530e-01
1.378013640642166138e-01
2.758629918098449707e-01
1.903631687164306641e-01
2.874673008918762207e-01
1.001928001642227173e-01
2.462485730648040771e-01
2.555691301822662354e-01
2.474683374166488647e-01
2.184824347496032715e-01
2.675086557865142822e-01
2.428455501794815063e-01
7.607289403676986694e-02
2.480812966823577881e-01
2.681106328964233398e-01
2.596751153469085693e-01
1.846863627433776855e-01
2.634628713130950928e-01
2.339342087507247925e-01
1.941577196121215820e-01
2.394800037145614624e-01
1.592571735382080078e-01
2.169287502765655518e-01
1.941866576671600342e-01
2.213317751884460449e-01
1.709588021039962769e-01
2.532749474048614502e-01
8.849091082811355591e-02
2.818938493728637695e-01
1.788368672132492065e-01
2.693866789340972900e-01
2.345249950885772705e-01
2.712078094482421875e-01
1.018157601356506348e-01
2.274180054664611816e-01
2.555425465106964111e-01
1.349818110466003418e-01
1.914235204458236694e-01
1.410447955131530762e-01
2.613701522350311279e-01
2.744444906711578369e-01
2.116522490978240967e-01
1.817042827606201172e-01
2.548981606960296631e-01
2.412027120590209961e-01
2.629381120204925537e-01
2.615395486354827881e-01
2.487068474292755127e-01
1.798603981733322144e-01
2.452806532382965088e-01
2.328023314476013184e-01
2.479898333549499512e-01
2.260329127311706543e-01
1.832748651504516602e-01
2.561730146408081055e-01
2.164446711540222168e-01
1.609892249107360840e-01
2.216259837150573730e-01
2.612962722778320312e-01
8.405394107103347778e-02
2.677113413810729980e-01
2.373423874378204346e-01
2.452852576971054077e-01
1.479837298393249512e-01
2.278890311717987061e-01
2.381928563117980957e-01
2.404320836067199707e-01
7.488881051540374756e-02
1.065542921423912048e-01
2.287934720516204834e-01
2.098042219877243042e-01
1.353620588779449463e-01
2.303824126720428467e-01
2.098803371191024780e-01
2.334431111812591553e-01
1.282373070716857910e-01
2.563658952713012695e-01
2.393811643123626709e-01
2.710351943969726562e-01
8.152303844690322876e-02
1.101936697959899902e-01
1.273538768291473389e-01
1.573954522609710693e-01
9.103004634380340576e-02
1.867526918649673462e-01
2.608769536018371582e-01
1.795337647199630737e-01
2.703609168529510498e-01
2.467270940542221069e-01
2.446966022253036499e-01
2.836694717407226562e-01
2.588027119636535645e-01
2.560528516769409180e-01
1.785692572593688965e-01
2.010310441255569458e-01
2.236110270023345947e-01
7.720746845006942749e-02
2.253575325012207031e-01
2.168508470058441162e-01
2.544826269149780273e-01
2.583827376365661621e-01
2.372611165046691895e-01
6.439376622438430786e-02
5.573405325412750244e-02
1.827469170093536377e-01
1.401838213205337524e-01
2.510624229907989502e-01
2.492995858192443848e-01
2.436122596263885498e-01
1.738624870777130127e-01
2.401294708251953125e-01
1.642860770225524902e-01
2.632145285606384277e-01
1.734637171030044556e-01
2.452069818973541260e-01
2.588425278663635254e-01
1.231326758861541748e-01
1.862446367740631104e-01
2.655282616615295410e-01
2.657214999198913574e-01
1.440154165029525757e-01
2.267498970031738281e-01
2.566980719566345215e-01
6.982816755771636963e-02
2.588092982769012451e-01
2.524455785751342773e-01
1.723358631134033203e-01
1.952438056468963623e-01
2.568683028221130371e-01
2.601176500320434570e-01
6.104970723390579224e-02
2.111912220716476440e-01
1.719314754009246826e-01
2.350723445415496826e-01
1.784375905990600586e-01
2.185879051685333252e-01
2.453767657279968262e-01
2.132645100355148315e-01
1.841758340597152710e-01
2.245138734579086304e-01
1.604734063148498535e-01
8.288869261741638184e-02
1.656058430671691895e-01
1.532859057188034058e-01
2.439620792865753174e-01
2.639095485210418701e-01
2.436595112085342407e-01
1.385105848312377930e-01
2.423094213008880615e-01
2.157094776630401611e-01
2.521155476570129395e-01
2.598231732845306396e-01
2.246827185153961182e-01
9.661535918712615967e-02
4.806063324213027954e-02
2.374381572008132935e-01
2.399546504020690918e-01
1.530255228281021118e-01
2.708417773246765137e-01
5.778860300779342651e-02
2.286978662014007568e-01
2.048749923706054688e-01
1.615130156278610229e-01
2.296344488859176636e-01
1.930079162120819092e-01
2.390934824943542480e-01
2.271569669246673584e-01
1.343642771244049072e-01
1.161155998706817627e-01
1.303278654813766479e-01
2.593983709812164307e-01
2.292890846729278564e-01
1.842440515756607056e-01
2.641753256320953369e-01
2.238662391901016235e-01
1.093466505408287048e-01
2.312137484550476074e-01
2.179420441389083862e-01
4.629454761743545532e-02
2.151502966880798340e-01
1.547542810440063477e-01
1.658748984336853027e-01
2.183786332607269287e-01
2.085048705339431763e-01
2.608965635299682617e-01
1.448716074228286743e-01
2.229502797126770020e-01
1.836622953414916992e-01
2.165612131357192993e-01
1.252670586109161377e-01
9.821756184101104736e-02
2.376570105552673340e-01
1.379285454750061035e-01
2.426520138978958130e-01
2.191755771636962891e-01
2.420135587453842163e-01
1.716276705265045166e-01
1.897084116935729980e-01
2.261992692947387695e-01
1.817471832036972046e-01
2.368441373109817505e-01
1.470929682254791260e-01
2.119472026824951172e-01
2.440624237060546875e-01
2.261238247156143188e-01
1.689406484365463257e-01
2.786740064620971680e-01
1.280323565006256104e-01
7.791990786790847778e-02
2.217727005481719971e-01
2.289557754993438721e-01
1.567950546741485596e-01
8.351648598909378052e-02
2.111325562000274658e-01
1.983334720134735107e-01
2.609987258911132812e-01
4.608765989542007446e-02
4.098901897668838501e-02
2.387416362762451172e-01
2.280900180339813232e-01
2.078420221805572510e-01
2.177436202764511108e-01
1.504745036363601685e-01
2.340217530727386475e-01
2.555203139781951904e-01
2.405832409858703613e-01
2.544344365596771240e-01
2.355000376701354980e-01
2.344575524330139160e-01
2.721877992153167725e-01
2.378845065832138062e-01
1.622626334428787231e-01
2.620890438556671143e-01
2.300853580236434937e-01
3.819265961647033691e-02
1.937395036220550537e-01
9.791073203086853027e-02
1.742738485336303711e-01
1.169869452714920044e-01
1.768348067998886108e-01
1.987398266792297363e-01
2.802248001098632812e-01
3.142071887850761414e-02
2.481178343296051025e-01
1.938322484493255615e-01
1.828483194112777710e-01
2.283284068107604980e-01
1.440937519073486328e-01
2.465794235467910767e-01
2.400896549224853516e-01
2.550730407238006592e-01
2.482780218124389648e-01
2.307399511337280273e-01
2.341357320547103882e-01
2.458253651857376099e-01
2.442256510257720947e-01
2.344753146171569824e-01
1.402252316474914551e-01
1.595339179039001465e-01
2.149493694305419922e-01
2.563127875328063965e-01
2.249343246221542358e-01
2.610700428485870361e-01
1.805663704872131348e-01
2.572274766862392426e-02
2.381532490253448486e-01
2.450521588325500488e-01
1.763359755277633667e-01
1.050416752696037292e-01
1.907026767730712891e-01
1.399469822645187378e-01
2.294671982526779175e-01
2.536003589630126953e-01
2.390141785144805908e-01
1.043091714382171631e-01
2.152959555387496948e-01
3.256598114967346191e-02
2.308356761932373047e-01
1.484232693910598755e-01
2.625678181648254395e-01
2.310433089733123779e-01
1.696658432483673096e-01
2.545149922370910645e-01
2.662391662597656250e-01
2.431594133377075195e-01
2.050112187862396240e-01
2.281953394412994385e-01
3.450091183185577393e-02
2.229221165180206299e-01
2.462991625070571899e-01
2.624640464782714844e-01
2.258979529142379761e-01
1.752423346042633057e-01
2.202371507883071899e-01
2.120679020881652832e-01
7.801370322704315186e-02
2.713740468025207520e-01
2.112730443477630615e-01
1.926084607839584351e-01
2.654846310615539551e-01
1.866510957479476929e-01
1.565022170543670654e-01
1.020437255501747131e-01
2.031224071979522705e-01
1.760698854923248291e-01
1.584288775920867920e-01
2.197326123714447021e-01
9.804280102252960205e-02
1.684118807315826416e-01
1.304063647985458374e-01
9.344982355833053589e-02
2.185083739459514618e-02
2.495091706514358521e-01
1.593226343393325806e-01
1.254671066999435425e-01
2.245063185691833496e-01
2.146362215280532837e-01
2.090743780136108398e-01
1.836740672588348389e-01
2.293755561113357544e-01
2.082923799753189087e-02
2.291642427444458008e-01
1.627786457538604736e-01
2.135566622018814087e-01
1.423261761665344238e-01
2.343665659427642822e-01
7.199758291244506836e-02
2.124371975660324097e-01
9.665421396493911743e-02
1.981431245803833008e-01
3.380241245031356812e-02
1.411888301372528076e-01
2.470648884773254395e-01
2.244351804256439209e-01
1.841669976711273193e-01
2.460488080978393555e-01
1.306404620409011841e-01
7.902604341506958008e-02
1.648384034633636475e-01
1.532938927412033081e-01
2.356872558593750000e-01
2.476557791233062744e-01
2.549522221088409424e-01
1.661593317985534668e-01
1.273739188909530640e-01
1.734045594930648804e-01
2.219923734664916992e-01
2.385839223861694336e-01
2.291076630353927612e-01
2.536850869655609131e-01
1.227106824517250061e-01
2.391770482063293457e-02
1.534845829010009766e-01
2.439586222171783447e-01
2.434614598751068115e-01
2.504844069480895996e-01
2.276111841201782227e-01
1.497394591569900513e-01
1.613891124725341797e-02
1.549522578716278076e-02
2.169136703014373779e-01
2.357471287250518799e-01
1.192963942885398865e-01
2.225324213504791260e-01
1.988709419965744019e-01
4.874796420335769653e-02
2.332988828420639038e-01
2.411009371280670166e-01
1.633567921817302704e-02
2.070743739604949951e-01
2.245703935623168945e-01
2.429857105016708374e-01
2.442904710769653320e-01
2.105204612016677856e-01
2.199630886316299438e-01
6.518552452325820923e-02
2.607877850532531738e-01
2.103607356548309326e-01
1.543572247028350830e-01
2.199271321296691895e-01
2.337802350521087646e-01
6.536109745502471924e-02
2.574705183506011963e-01
9.670086205005645752e-02
2.568112872540950775e-02
1.178356260061264038e-01
1.626903414726257324e-01
2.673219740390777588e-01
2.393542379140853882e-01
1.811716556549072266e-01
6.229195743799209595e-02
2.240200936794281006e-01
2.479676902294158936e-01
1.642616242170333862e-01
2.274663299322128296e-01
2.214099913835525513e-01
1.571518182754516602e-01
2.547968626022338867e-01
2.217591702938079834e-01
7.966049015522003174e-02
2.389741241931915283e-01
2.081091403961181641e-01
2.421214878559112549e-01
1.106097027659416199e-01
2.076201736927032471e-01
1.531428098678588867e-01
1.417243108153343201e-02
2.797133326530456543e-01
2.300415635108947754e-01
2.163152992725372314e-01
2.477523088455200195e-01
6.776362657546997070e-02
2.115031182765960693e-01
1.779948323965072632e-01
1.215284243226051331e-01
2.519386112689971924e-01
1.945700347423553467e-01
1.260583996772766113e-01
4.159843921661376953e-02
1.136554591357707977e-02
1.668998599052429199e-01
1.652467846870422363e-01
1.830000877380371094e-01
1.578956097364425659e-01
1.529540717601776123e-01
2.163210809230804443e-01
2.472280263900756836e-01
1.181469857692718506e-01
2.177613377571105957e-01
2.029523998498916626e-01
2.439469397068023682e-01
2.410776168107986450e-01
2.435260713100433350e-01
2.186800539493560791e-01
1.142675802111625671e-01
6.203998625278472900e-02
2.416239678859710693e-01
2.097198963165283203e-01
1.738140434026718140e-01
2.268689274787902832e-01
1.441285610198974609e-01
2.413383871316909790e-02
1.075016148388385773e-02
2.239801138639450073e-01
1.384498178958892822e-01
2.220296859741210938e-01
1.349118798971176147e-01
2.353595793247222900e-01
2.412863671779632568e-01
8.764463663101196289e-02
2.171569764614105225e-01
6.850117444992065430e-02
6.475202739238739014e-02
2.200434654951095581e-01
1.534830033779144287e-01
1.955152750015258789e-01
1.542819738388061523e-01
8.978065848350524902e-02
2.551415562629699707e-01
2.455322146415710449e-01
8.153901994228363037e-02
1.005552615970373154e-02
1.344159841537475586e-01
1.943965852260589600e-01
2.340396344661712646e-01
1.727300733327865601e-01
1.735819280147552490e-01
1.254931986331939697e-01
1.317038536071777344e-01
1.920204162597656250e-01
1.082456558942794800e-01
1.290920525789260864e-01
1.867144405841827393e-01
1.336636543273925781e-01
1.817832738161087036e-01
2.537798881530761719e-01
1.559090167284011841e-01
5.335725098848342896e-02
2.496951520442962646e-01
7.246161252260208130e-02
2.104775607585906982e-01
2.382926344871520996e-01
2.433688640594482422e-01
2.176184207201004028e-02
2.144341468811035156e-01
9.205386973917484283e-03
2.064327895641326904e-01
2.335264384746551514e-01
2.015290856361389160e-01
2.512177824974060059e-01
1.300712525844573975e-01
2.271569818258285522e-01
1.683295965194702148e-01
1.277482956647872925e-01
8.502626419067382812e-02
2.358165085315704346e-01
1.505069136619567871e-01
7.327832281589508057e-02
1.723732203245162964e-01
1.490312516689300537e-01
3.816549107432365417e-02
2.063203752040863037e-01
9.460752829909324646e-03
7.887567579746246338e-02
1.601062268018722534e-01
2.128221988677978516e-01
2.263781279325485229e-01
1.098951399326324463e-01
2.386036217212677002e-01
2.153656184673309326e-01
1.011591032147407532e-01
1.597453504800796509e-01
2.050449699163436890e-01
2.118705213069915771e-01
2.105273008346557617e-01
1.424823552370071411e-01
2.005952298641204834e-01
2.273595184087753296e-01
1.950366497039794922e-01
1.608031392097473145e-01
9.626848995685577393e-02
2.131270170211791992e-01
2.334532141685485840e-01
1.177489906549453735e-01
1.615668833255767822e-01
2.308613508939743042e-01
2.459815591573715210e-01
2.433993518352508545e-01
8.001627773046493530e-02
1.285561025142669678e-01
1.978323012590408325e-01
1.576284170150756836e-01
2.101113498210906982e-01
2.319209575653076172e-01
1.445195525884628296e-01
2.431428730487823486e-01
2.015314847230911255e-01
2.210860848426818848e-01
2.077026665210723877e-01
1.398971080780029297e-01
2.074056863784790039e-01
1.322764009237289429e-01
6.641864776611328125e-02
7.047167047858238220e-03
2.321814447641372681e-01
2.198971509933471680e-01
9.946299344301223755e-02
1.893202364444732666e-01
2.627482414245605469e-01
2.191257178783416748e-01
1.015527248382568359e-01
2.337427139282226562e-01
2.543424665927886963e-01
2.425219714641571045e-01
1.898895204067230225e-01
5.899007897824048996e-03
1.648050099611282349e-01
1.609725505113601685e-01
1.483290791511535645e-01
5.823662504553794861e-02
1.839507222175598145e-01
2.108688205480575562e-01
1.527694016695022583e-01
1.971091330051422119e-01
2.313643097877502441e-01
2.190255224704742432e-01
2.198728024959564209e-01
2.207525372505187988e-01
1.096995696425437927e-01
1.615415513515472412e-01
2.713600918650627136e-02
3.465585410594940186e-02
9.823641180992126465e-02
1.374069601297378540e-01
3.830141574144363403e-02
1.474386751651763916e-01
6.113172508776187897e-03
1.716962754726409912e-01
2.223342955112457275e-01
2.029263377189636230e-01
2.676731348037719727e-01
2.303731441497802734e-01
6.926676258444786072e-03
6.537857651710510254e-02
2.174437791109085083e-01
2.085405141115188599e-01
1.113833189010620117e-01
1.974657177925109863e-01
1.566474735736846924e-01
2.341801971197128296e-01
2.400598078966140747e-01
1.784454584121704102e-01
2.498465776443481445e-01
1.802118420600891113e-01
5.432213656604290009e-03
6.616305559873580933e-03
1.541869640350341797e-01
2.049380093812942505e-01
2.384018003940582275e-01
2.307519018650054932e-01
2.533638775348663330e-01
1.922947168350219727e-01
2.342583686113357544e-01
2.248697876930236816e-01
1.539441794157028198e-01
2.247794717550277710e-01
1.592348217964172363e-01
1.074808835983276367e-01
2.124805152416229248e-01
2.228758037090301514e-01
2.042559981346130371e-01
1.283264607191085815e-01
4.619284998625516891e-03
3.460581228137016296e-02
2.101516276597976685e-01
2.397384643554687500e-01
1.714901924133300781e-01
1.766936182975769043e-01
2.339567393064498901e-01
2.206288427114486694e-01
2.288835197687149048e-01
1.803312599658966064e-01
2.160630822181701660e-01
2.215701937675476074e-01
2.215514481067657471e-01
1.918406784534454346e-01
1.139307096600532532e-01
2.175609171390533447e-01
7.305894792079925537e-02
2.386649847030639648e-01
1.058580279350280762e-01
7.510676980018615723e-02
5.166923627257347107e-03
2.353150993585586548e-01
2.359184324741363525e-01
2.652639895677566528e-02
1.587045490741729736e-01
1.432725191116333008e-01
2.229221165180206299e-01
1.634729802608489990e-01
8.296463638544082642e-02
2.114905714988708496e-01
4.403202328830957413e-03
2.485475540161132812e-01
2.130040973424911499e-01
2.135583609342575073e-01
5.666485428810119629e-02
2.485078275203704834e-01
1.271139681339263916e-01
2.045126110315322876e-01
2.617162466049194336e-01
2.440197765827178955e-01
1.955440342426300049e-01
4.659046232700347900e-02
2.428494244813919067e-01
2.220817953348159790e-01
3.340735659003257751e-02
1.238018423318862915e-01
9.244675189256668091e-02
1.568327099084854126e-01
1.274460405111312866e-01
1.218016147613525391e-01
2.090519517660140991e-01
3.364083357155323029e-03
1.790296733379364014e-01
2.008247971534729004e-01
4.269171040505170822e-03
1.249198094010353088e-01
1.670588850975036621e-01
2.050162553787231445e-01
2.467228919267654419e-01
5.926274135708808899e-02
1.676331758499145508e-01
2.005591690540313721e-01
2.029605954885482788e-01
1.952728927135467529e-01
2.016870081424713135e-01
1.010675355792045593e-01
1.460683643817901611e-01
2.391182482242584229e-01
2.396908253431320190e-01
1.528254058212041855e-02
4.538705572485923767e-03
2.173151075839996338e-01
2.445409148931503296e-01
1.654685735702514648e-01
3.588078543543815613e-02
6.451974064111709595e-02
4.546131938695907593e-02
2.496198862791061401e-01
2.097703218460083008e-01
2.029464393854141235e-01
1.302894800901412964e-01
2.293395102024078369e-01
4.531740024685859680e-02
1.791435182094573975e-01
1.764024198055267334e-01
8.756923675537109375e-02
1.849041879177093506e-01
1.710567176342010498e-01
2.095444798469543457e-01
2.151991128921508789e-01
1.654837727546691895e-01
2.125958055257797241e-01
2.451967000961303711e-01
1.486300677061080933e-01
2.346749901771545410e-01
1.556277722120285034e-01
2.460899949073791504e-01
5.403254926204681396e-02
1.347658038139343262e-01
7.744970917701721191e-02
8.771771192550659180e-02
1.892720162868499756e-01
2.185594737529754639e-01
2.247324287891387939e-01
2.277742922306060791e-01
1.389974355697631836e-01
1.623874604701995850e-01
5.043284595012664795e-02
2.227538824081420898e-01
1.386725455522537231e-01
1.524338424205780029e-01
1.396591216325759888e-01
1.966240704059600830e-01
1.346876323223114014e-01
1.446947455406188965e-01
1.449919939041137695e-01
5.465052276849746704e-02
2.756172046065330505e-02
2.139081358909606934e-01
2.244707643985748291e-01
3.076107474043965340e-03
2.299101650714874268e-01
2.409565448760986328e-01
5.060054734349250793e-02
3.053682856261730194e-03
1.364250946789979935e-02
1.722470372915267944e-01
2.051128447055816650e-01
1.152714490890502930e-01
2.142032086849212646e-01
9.256801754236221313e-02
1.326819658279418945e-01
2.187242805957794189e-01
4.014850780367851257e-02
2.188170105218887329e-01
1.807786524295806885e-01
2.286234498023986816e-01
9.811218082904815674e-02
8.284226804971694946e-02
2.173610925674438477e-01
2.369631677865982056e-01
5.301778763532638550e-02
9.729991108179092407e-02
5.279683321714401245e-02
8.108286559581756592e-02
7.298290729522705078e-02
1.610133498907089233e-01
1.230265349149703979e-01
6.212195008993148804e-02
1.980992704629898071e-01
1.517721414566040039e-01
2.272531986236572266e-01
1.357077807188034058e-01
1.833288669586181641e-01
1.367940604686737061e-01
2.062504291534423828e-01
1.453077644109725952e-01
1.603153496980667114e-01
1.514926254749298096e-01
1.881157159805297852e-01
1.756361126899719238e-01
2.887610346078872681e-03
2.032873332500457764e-01
2.016209512948989868e-01
6.319937109947204590e-02
1.492568403482437134e-01
1.607066839933395386e-01
1.623235046863555908e-01
3.653870150446891785e-02
1.001823246479034424e-01
2.090791612863540649e-01
2.331142723560333252e-01
2.908147638663649559e-03
1.109163090586662292e-01
7.664445787668228149e-02
9.312739223241806030e-02
2.436219900846481323e-01
2.443678379058837891e-01
1.954218447208404541e-01
1.948695927858352661e-01
1.468267738819122314e-01
1.574156582355499268e-01
1.148354858160018921e-01
2.577056642621755600e-03
7.234652340412139893e-02
1.526165008544921875e-01
1.429438889026641846e-01
2.215393781661987305e-01
1.551781892776489258e-01
1.974473595619201660e-01
2.209888249635696411e-01
2.429657615721225739e-03
2.029201984405517578e-01
1.078392118215560913e-01
1.771132946014404297e-01
1.849261224269866943e-01
1.203435361385345459e-01
1.630446314811706543e-01
5.160222575068473816e-02
2.308708876371383667e-01
1.836528629064559937e-01
2.181172668933868408e-01
1.986510306596755981e-01
4.649192467331886292e-02
1.829081177711486816e-01
1.100327819585800171e-01
1.659070998430252075e-01
2.009515091776847839e-02
2.059664428234100342e-01
5.513770878314971924e-02
7.875750213861465454e-02
2.089965641498565674e-01
5.765806883573532104e-02
1.698070913553237915e-01
2.165858298540115356e-01
3.212635964155197144e-02
1.877618134021759033e-01
2.308294177055358887e-03
9.827500581741333008e-02
4.699678719043731689e-02
1.660277545452117920e-01
2.476950287818908691e-01
1.608782112598419189e-01
2.170263379812240601e-01
1.924129575490951538e-01
2.405619714409112930e-03
1.763931512832641602e-01
1.230569854378700256e-01
1.383449137210845947e-01
5.559400469064712524e-02
1.973140090703964233e-01
2.141649276018142700e-02
1.022265702486038208e-01
2.654900588095188141e-02
1.947098672389984131e-01
2.200125455856323242e-01
2.185615301132202148e-01
2.040852904319763184e-01
1.929508000612258911e-01
2.324543893337249756e-02
1.051623970270156860e-01
1.103435158729553223e-01
1.799420118331909180e-01
2.063908576965332031e-01
2.960268175229430199e-03
1.743920892477035522e-01
2.026957869529724121e-01
1.176240816712379456e-01
1.840115636587142944e-01
2.136988192796707153e-01
2.219710946083068848e-01
1.262262165546417236e-01
1.475095152854919434e-01
2.433047592639923096e-01
3.185262158513069153e-02
1.325890123844146729e-01
1.846999824047088623e-01
2.131400406360626221e-01
2.392366230487823486e-01
1.105602085590362549e-01
6.016517430543899536e-02
1.949598193168640137e-01
1.455334126949310303e-01
7.599157094955444336e-02
7.081809639930725098e-02
2.158537507057189941e-01
9.245990216732025146e-02
5.831548571586608887e-02
3.757447004318237305e-02
2.198820412158966064e-01
2.216370999813079834e-01
2.123878002166748047e-01
2.134423255920410156e-01
2.932523749768733978e-02
2.262995094060897827e-01
1.714211553335189819e-01
2.414020150899887085e-01
2.260409891605377197e-01
5.028668045997619629e-02
2.271802723407745361e-01
1.541722714900970459e-01
2.151464223861694336e-01
1.848246157169342041e-01
1.677494347095489502e-01
1.440650522708892822e-01
5.620619282126426697e-02
2.097257375717163086e-01
7.650756835937500000e-02
1.776338070631027222e-01
1.614238619804382324e-01
7.119165360927581787e-02
1.935011241585016251e-03
2.139848619699478149e-01
1.517943590879440308e-01
9.043885767459869385e-02
1.329862177371978760e-01
2.452013781294226646e-03
4.282935708761215210e-02
1.634140610694885254e-01
2.056735754013061523e-01
1.501393765211105347e-01
1.472517400979995728e-01
1.416730228811502457e-03
7.030272483825683594e-02
1.992578506469726562e-01
2.421958371996879578e-02
1.847841143608093262e-01
2.297086268663406372e-02
1.505099236965179443e-01
1.052554696798324585e-01
1.562230885028839111e-01
8.935404941439628601e-03
2.099023610353469849e-01
8.886334300041198730e-02
1.603919314220547676e-03
1.953653097152709961e-01
3.589469566941261292e-02
2.091935724020004272e-01
3.588717058300971985e-02
1.099869161844253540e-01
1.442375481128692627e-01
2.089571207761764526e-01
1.371822655200958252e-01
1.613475084304809570e-01
5.431532859802246094e-02
1.290935575962066650e-01
1.084872335195541382e-02
2.068680673837661743e-01
1.290256083011627197e-01
1.206030696630477905e-01
1.722980872727930546e-03
3.572189807891845703e-02
1.083824932575225830e-01
1.484345644712448120e-01
1.843124777078628540e-01
1.328799314796924591e-02
1.918873637914657593e-01
2.075401544570922852e-01
1.689523309469223022e-01
1.590224504470825195e-01
1.226233690977096558e-01
2.027207799255847931e-02
2.092088609933853149e-01
2.267146706581115723e-01
1.438676118850708008e-01
2.199101150035858154e-01
2.141207009553909302e-01
1.359303598292171955e-03
9.266532212495803833e-02
1.780243068933486938e-01
1.670255959033966064e-01
1.270239823497831821e-03
2.805645391345024109e-02
1.986788958311080933e-01
1.969263404607772827e-01
1.528160870075225830e-01
1.955148875713348389e-01
1.714461445808410645e-01
2.105064988136291504e-01
3.097812831401824951e-02
1.348489546217024326e-03
1.205788254737854004e-01
1.406487892381846905e-03
4.343898594379425049e-02
2.117203772068023682e-01
1.226773560047149658e-01
2.295965701341629028e-01
2.170235812664031982e-01
1.689611375331878662e-01
1.932984590530395508e-01
1.902470290660858154e-01
1.476562172174453735e-01
2.208839207887649536e-01
1.076636686921119690e-01
2.329605817794799805e-01
1.261182576417922974e-01
2.041710168123245239e-01
1.325858235359191895e-01
1.673661917448043823e-02
1.594354510307312012e-01
1.935119926929473877e-01
1.879760175943374634e-01
1.653351187705993652e-01
3.909298032522201538e-02
1.969242393970489502e-01
2.335178554058074951e-01
1.758257895708084106e-01
8.542621135711669922e-02
7.197136431932449341e-02
1.127856001257896423e-01
2.176490426063537598e-01
8.489559590816497803e-02
2.253855019807815552e-01
1.781645268201828003e-01
1.293606162071228027e-01
2.740476280450820923e-02
1.582705229520797729e-01
1.397140622138977051e-01
1.063992530107498169e-01
1.661937832832336426e-01
4.046401381492614746e-02
2.004972249269485474e-01
1.853702403604984283e-02
1.942530423402786255e-01
9.533250331878662109e-02
2.200378328561782837e-01
1.740644127130508423e-01
1.288654059171676636e-01
2.053502202033996582e-01
2.303035184741020203e-02
8.580984175205230713e-02
1.552190780639648438e-01
1.203949330374598503e-03
1.841903030872344971e-01
1.795270889997482300e-01
1.780945360660552979e-01
2.303072810173034668e-01
1.130097545683383942e-02
1.355482917279005051e-02
1.043431460857391357e-01
1.500107944011688232e-01
1.558503657579421997e-01
1.500376462936401367e-01
2.321391254663467407e-01
1.016804948449134827e-01
3.567592054605484009e-02
1.346401274204254150e-01
1.735208630561828613e-01
1.027368828654289246e-01
9.566920995712280273e-02
1.463210443034768105e-03
6.979495286941528320e-02
2.078360021114349365e-01
3.487164527177810669e-02
2.061414420604705811e-01
2.259337902069091797e-01
7.924386113882064819e-02
1.743463873863220215e-01
1.868827939033508301e-01
1.339720562100410461e-03
1.113826758228242397e-03
1.613350212574005127e-01
2.013003528118133545e-01
2.033088654279708862e-01
1.226821616291999817e-01
6.440174765884876251e-03
1.333380043506622314e-01
1.281899050809442997e-03
2.199525386095046997e-01
2.282090336084365845e-01
1.753711253404617310e-01
1.744830608367919922e-01
3.066005930304527283e-02
2.262360751628875732e-01
1.242607645690441132e-02
9.923581033945083618e-02
7.811879366636276245e-02
2.024395763874053955e-01
8.146001491695642471e-04
7.388051599264144897e-02
1.842605024576187134e-01
1.858325749635696411e-01
1.578572243452072144e-01
1.102986633777618408e-01
1.965952813625335693e-01
1.760470271110534668e-01
1.893519461154937744e-01
2.046983987092971802e-01
2.293593585491180420e-01
1.316926777362823486e-01
1.185627072118222713e-03
3.511694073677062988e-02
6.368581950664520264e-02
1.690146923065185547e-01
1.572650969028472900e-01
1.864387243986129761e-01
2.297668009996414185e-01
2.211750894784927368e-01
2.106241434812545776e-01
1.448421180248260498e-02
2.351849675178527832e-01
2.019335925579071045e-01
4.323595762252807617e-02
2.143328636884689331e-01
1.535641402006149292e-01
1.263985037803649902e-02
5.749578028917312622e-02
6.927866023033857346e-03
1.374348402023315430e-01
1.337739080190658569e-02
1.405050456523895264e-01
1.656405627727508545e-02
2.713496424257755280e-02
1.988357007503509521e-01
2.195081710815429688e-01
2.100721001625061035e-01
2.376399040222167969e-01
1.546376198530197144e-01
4.747579246759414673e-02
1.864567995071411133e-01
1.015802025794982910e-01
1.387081295251846313e-01
4.250588268041610718e-02
2.036489173769950867e-02
1.645203493535518646e-02
1.695447787642478943e-02
1.391126662492752075e-01
1.762685626745223999e-01
1.083543226122856140e-01
2.132209837436676025e-01
2.010973691940307617e-01
6.669426336884498596e-03
1.789954453706741333e-01
1.740656942129135132e-01
5.778257176280021667e-02
1.327589526772499084e-02
1.989202760159969330e-02
1.892138719558715820e-01
1.867279708385467529e-01
2.124413698911666870e-01
1.007138788700103760e-01
3.375406935811042786e-02
1.788331121206283569e-01
2.283495366573333740e-01
1.943799704313278198e-01
1.057636225596070290e-03
6.507682800292968750e-02
1.586908400058746338e-01
1.753640025854110718e-01
2.283145934343338013e-01
2.140507102012634277e-01
1.889042109251022339e-01
1.563971936702728271e-01
1.600329875946044922e-01
1.157746464014053345e-01
1.985967457294464111e-01
1.222373172640800476e-01
2.237978279590606689e-01
2.117138057947158813e-01
1.346395164728164673e-01
2.241406291723251343e-01
7.271863869391381741e-04
7.925356179475784302e-02
1.380589902400970459e-01
1.613701283931732178e-01
1.829158067703247070e-01
1.694799214601516724e-01
2.117820680141448975e-01
1.420125067234039307e-01
9.786340594291687012e-02
1.880951523780822754e-01
1.756304949522018433e-01
1.422728300094604492e-01
1.032650247216224670e-01
3.763740509748458862e-02
1.676715612411499023e-01
2.304042130708694458e-01
1.474202126264572144e-01
1.236768588423728943e-01
1.091806590557098389e-01
1.274369657039642334e-01
9.445604681968688965e-02
2.424527108669281006e-01
1.205837503075599670e-01
6.916843820363283157e-03
5.060783587396144867e-04
2.178323715925216675e-01
8.210039231926202774e-04
8.948607742786407471e-02
1.198768019676208496e-01
1.828853189945220947e-01
6.914985179901123047e-02
1.489686369895935059e-01
6.939928978681564331e-02
5.563267320394515991e-02
1.209117355756461620e-03
2.022739648818969727e-01
8.399379253387451172e-02
2.043454647064208984e-01
1.534947305917739868e-01
1.196408048272132874e-01
7.877187430858612061e-02
1.404009461402893066e-01
3.667151555418968201e-02
2.074027657508850098e-01
1.627253890037536621e-01
1.878036707639694214e-01
1.274958401918411255e-01
9.141577407717704773e-03
2.163960635662078857e-01
8.469011518172919750e-04
6.394119933247566223e-03
2.394290566444396973e-01
1.024727243930101395e-02
7.349686347879469395e-04
1.066007986664772034e-01
1.284402459859848022e-01
3.163686022162437439e-02
1.451106965541839600e-01
1.871942877769470215e-01
7.111320272088050842e-03
6.153149879537522793e-04
1.636482477188110352e-01
1.374087035655975342e-01
2.132537066936492920e-01
9.678516536951065063e-03
1.659514307975769043e-01
7.360262423753738403e-02
4.761282354593276978e-02
1.888181269168853760e-01
3.790213540196418762e-02
6.089810654520988464e-02
3.965612500905990601e-02
2.250174283981323242e-01
2.062029987573623657e-01
1.098844334483146667e-01
2.160707414150238037e-01
1.844515204429626465e-01
2.173398584127426147e-01
1.933961510658264160e-01
8.414954692125320435e-02
8.434255421161651611e-02
5.473494529724121094e-02
6.049982621334493160e-04
1.784069240093231201e-01
1.868531554937362671e-01
2.117404639720916748e-01
6.676521152257919312e-02
1.929569542407989502e-01
1.664212644100189209e-01
2.062213718891143799e-01
1.505516320466995239e-01
2.038679122924804688e-01
2.031831815838813782e-02
1.288360506296157837e-01
1.838949918746948242e-01
4.011538252234458923e-02
1.400366425514221191e-01
1.959861814975738525e-01
5.511388927698135376e-02
1.529783010482788086e-01
2.736999467015266418e-02
2.218558937311172485e-01
1.353502869606018066e-01
1.743371188640594482e-01
1.793037056922912598e-01
1.834284663200378418e-01
7.603242993354797363e-02
1.738657206296920776e-01
1.371415555477142334e-01
2.191637456417083740e-01
1.942982226610183716e-01
8.261180482804775238e-03
1.875044852495193481e-01
1.601114869117736816e-01
9.189171344041824341e-02
1.882494986057281494e-01
2.144564092159271240e-01
1.333654522895812988e-01
1.592675447463989258e-01
1.548303943127393723e-02
2.083248198032379150e-01
8.967445045709609985e-02
4.819919168949127197e-02
7.074630260467529297e-02
8.100481703877449036e-03
5.113901570439338684e-03
6.688825669698417187e-04
9.879967570304870605e-02
7.690446451306343079e-03
9.057107567787170410e-02
6.915213167667388916e-02
2.657352387905120850e-02
1.845636591315269470e-02
1.937021613121032715e-01
1.945704817771911621e-01
2.010267525911331177e-01
1.617627292871475220e-01
1.184796988964080811e-01
1.304086893796920776e-01
1.042951550334692001e-02
2.425541579723358154e-01
1.593731343746185303e-01
1.359662711620330811e-01
3.854591399431228638e-02
2.037458587437868118e-03
2.735513634979724884e-02
1.313062906265258789e-01
1.503395736217498779e-01
1.228695660829544067e-01
1.455635577440261841e-01
3.875236213207244873e-02
9.594868868589401245e-02
9.622043371200561523e-02
1.179982796311378479e-01
2.261055409908294678e-01
8.632983267307281494e-02
2.328104823827743530e-01
1.550944149494171143e-01
1.965283453464508057e-01
2.392930090427398682e-01
2.324440330266952515e-02
1.802060753107070923e-01
7.630284875631332397e-02
2.908497676253318787e-02
1.944098472595214844e-01
9.000536799430847168e-02
4.783768672496080399e-04
2.095629125833511353e-01
2.250652015209197998e-01
7.262551784515380859e-02
1.844899505376815796e-01
1.079189032316207886e-01
2.126622498035430908e-01
4.908110573887825012e-02
1.551502943038940430e-01
2.069916129112243652e-01
1.851865500211715698e-01
1.006018836051225662e-02
2.137992829084396362e-01
3.886822611093521118e-02
1.266306936740875244e-01
1.323572397232055664e-01
1.290605366230010986e-01
1.623026281595230103e-01
1.557740718126296997e-01
2.073908597230911255e-01
1.263612061738967896e-01
1.963002793490886688e-02
7.761642336845397949e-02
1.621648818254470825e-01
1.777198016643524170e-01
5.242959037423133850e-02
1.072020381689071655e-01
3.542376309633255005e-02
5.171196907758712769e-02
2.167153060436248779e-01
2.001405358314514160e-01
1.181862428784370422e-01
3.640597686171531677e-02
1.875942498445510864e-01
3.083647228777408600e-03
1.924405544996261597e-01
1.166314706206321716e-01
2.130080759525299072e-01
2.286645174026489258e-01
2.075297534465789795e-01
8.910562843084335327e-03
1.639038920402526855e-01
1.146796867251396179e-01
1.905306577682495117e-01
1.328281462192535400e-01
1.618538498878479004e-01
2.045333385467529297e-01
2.002775222063064575e-01
4.269057512283325195e-02
2.011420726776123047e-01
8.339229226112365723e-02
3.217249363660812378e-02
1.370688527822494507e-01
1.887126863002777100e-01
2.058582603931427002e-01
1.570043861865997314e-01
4.346574842929840088e-02
1.863877475261688232e-01
2.130374312400817871e-01
1.674588322639465332e-01
1.520808935165405273e-01
3.924751654267311096e-02
1.195950713008642197e-02
1.805224418640136719e-01
2.083134502172470093e-01
5.562203004956245422e-04
1.485945135354995728e-01
8.214454352855682373e-02
4.746484919451177120e-04
1.058473140001296997e-01
6.099627912044525146e-02
9.314033389091491699e-02
7.213170081377029419e-02
2.932885847985744476e-02
1.689748023636639118e-03
1.408027112483978271e-01
1.409777402877807617e-01
1.318469643592834473e-01
3.921864554286003113e-03
2.137631326913833618e-01
1.183295845985412598e-01
1.976746320724487305e-01
1.834087818861007690e-01
1.696979701519012451e-01
1.498857140541076660e-01
1.873629540205001831e-02
7.211058866232633591e-03
3.519526869058609009e-02
1.076897382736206055e-01
7.425947487354278564e-02
1.628651022911071777e-01
1.082729622721672058e-01
1.542734503746032715e-01
2.086052596569061279e-01
8.124460279941558838e-02
3.639034926891326904e-02
1.748299747705459595e-01
1.740767359733581543e-01
1.483197808265686035e-01
1.668580919504165649e-01
6.817205250263214111e-02
2.239223867654800415e-01
1.721059381961822510e-01
1.822644174098968506e-01
2.099024355411529541e-01
5.485332012176513672e-02
2.376095354557037354e-01
1.538043171167373657e-01
4.429221153259277344e-02
7.633703202009201050e-02
1.789595782756805420e-01
1.426729559898376465e-01
2.168869227170944214e-02
8.719133585691452026e-02
1.047138571739196777e-01
4.815022274851799011e-02
4.853901453316211700e-03
2.122956514358520508e-01
8.112585544586181641e-02
1.921242922544479370e-01
1.470761299133300781e-01
4.752115160226821899e-02
1.812750548124313354e-01
1.893944293260574341e-01
1.292617022991180420e-01
4.591549932956695557e-02
1.544162780046463013e-01
1.803780496120452881e-01
1.252352632582187653e-02
9.523536264896392822e-02
1.998524367809295654e-01
3.931639716029167175e-03
8.461797982454299927e-02
1.417732089757919312e-01
4.372880794107913971e-04
1.291481107473373413e-01
7.955253124237060547e-02
5.393258179537951946e-04
1.511080749332904816e-02
1.762287169694900513e-01
4.653679206967353821e-03
4.438993055373430252e-03
1.663228124380111694e-02
6.152927502989768982e-02
5.213524773716926575e-02
6.969492137432098389e-02
5.566383479163050652e-04
1.151359230279922485e-01
4.034936428070068359e-02
2.196128070354461670e-01
1.930277645587921143e-01
1.112793982028961182e-01
2.023972868919372559e-01
2.379498630762100220e-01
1.098205149173736572e-01
1.009825468063354492e-01
2.067853361368179321e-01
4.924204200506210327e-03
1.544472277164459229e-01
9.175483882427215576e-02
2.077677994966506958e-01
3.836356569081544876e-03
1.250874996185302734e-01
1.784320473670959473e-01
5.209745839238166809e-02
1.476514339447021484e-01
1.810179054737091064e-01
1.065390035510063171e-01
2.873415127396583557e-02
5.143658071756362915e-02
1.572236046195030212e-02
2.177700251340866089e-01
5.038594827055931091e-04
1.607698500156402588e-01
1.645482331514358521e-01
1.208435371518135071e-02
4.327315837144851685e-02
3.598219482228159904e-03
1.890031844377517700e-01
1.098136231303215027e-01
1.608114689588546753e-01
1.173371821641921997e-02
9.581403434276580811e-02
1.967766582965850830e-01
2.161186933517456055e-01
1.828623414039611816e-01
1.873081922531127930e-01
3.736852109432220459e-02
1.466029584407806396e-01
3.447570779826492071e-04
5.976631492376327515e-02
4.308783914893865585e-03
7.013811916112899780e-02
4.217388923279941082e-04
1.474669426679611206e-01
2.046702355146408081e-01
5.733325378969311714e-04
1.116560213267803192e-02
2.116887867450714111e-01
7.409052550792694092e-02
4.031909257173538208e-02
2.120082676410675049e-01
1.550129265524446964e-03
1.317849159240722656e-01
1.281962394714355469e-01
1.657667607069015503e-01
1.256531476974487305e-01
7.640613615512847900e-02
4.073571786284446716e-02
1.865724623203277588e-01
5.011177621781826019e-03
3.050164319574832916e-02
2.022725641727447510e-01
1.506466865539550781e-01
2.126442268490791321e-02
1.051341444253921509e-01
1.848175525665283203e-01
8.178411424160003662e-02
8.420555293560028076e-02
2.622260944917798042e-03
4.962812177836894989e-03
6.034167110919952393e-02
3.693059831857681274e-02
1.626031547784805298e-01
8.583253622055053711e-02
1.926862895488739014e-01
1.983503699302673340e-01
2.194291949272155762e-01
1.696444451808929443e-01
2.876905258744955063e-03
1.706043332815170288e-01
2.581943292170763016e-03
3.964597359299659729e-02
2.626006118953227997e-02
2.051893174648284912e-01
2.240518033504486084e-01
4.469924315344542265e-04
6.749855820089578629e-03
5.408875877037644386e-04
1.077515631914138794e-01
2.541613765060901642e-02
1.487310742959380150e-03
1.558540463447570801e-01
2.162128686904907227e-01
1.039684191346168518e-02
2.003261893987655640e-01
1.761353462934494019e-01
1.929857730865478516e-01
4.703703802078962326e-03
2.515131980180740356e-02
9.523876011371612549e-02
1.531048268079757690e-01
5.403000116348266602e-02
1.527827978134155273e-01
1.517796306870877743e-03
1.492929160594940186e-01
1.356965005397796631e-01
2.427970804274082184e-02
1.509929746389389038e-01
1.744538843631744385e-01
8.924788795411586761e-03
1.520495116710662842e-01
6.668625026941299438e-02
1.373977661132812500e-01
3.142311179544776678e-04
2.591864031273871660e-04
6.753958761692047119e-02
1.081090606749057770e-02
1.034350395202636719e-01
1.831426620483398438e-01
3.395970910787582397e-02
1.857131719589233398e-01
1.589789092540740967e-01
1.554832160472869873e-01
1.272824108600616455e-01
1.003959700465202332e-01
2.151194214820861816e-01
1.528521180152893066e-01
1.424192450940608978e-03
6.330007314682006836e-02
1.914001852273941040e-01
1.157040148973464966e-02
1.686648428440093994e-01
2.474644861649721861e-04
2.072015106678009033e-01
1.215940713882446289e-01
1.930203735828399658e-01
1.769825816154479980e-01
1.562446802854537964e-01
1.959355473518371582e-01
1.491799801588058472e-01
1.797656863927841187e-01
2.564759925007820129e-02
1.186300963163375854e-01
3.848824650049209595e-02
1.391623318195343018e-01
2.710376307368278503e-02
2.652077469974756241e-03
3.523411229252815247e-02
1.624979972839355469e-01
1.283556669950485229e-01
2.123447656631469727e-01
2.404813468456268311e-01
1.580504514276981354e-02
4.477360844612121582e-02
2.305741906166076660e-01
1.798928827047348022e-01
1.935619115829467773e-01
7.959912717342376709e-02
3.582787886261940002e-02
2.065748274326324463e-01
1.382979750633239746e-01
1.456733644008636475e-01
1.147509962320327759e-01
