2.062800000000000000e+04
3.253800000000000000e+04
2.708300000000000000e+04
2.730000000000000000e+04
2.992700000000000000e+04
2.368100000000000000e+04
2.889300000000000000e+04
2.227200000000000000e+04
2.072200000000000000e+04
3.301100000000000000e+04
3.356200000000000000e+04
6.095200000000000000e+04
1.537900000000000000e+04
3.017800000000000000e+04
2.758700000000000000e+04
2.810600000000000000e+04
2.104600000000000000e+04
1.755800000000000000e+04
2.007300000000000000e+04
1.399900000000000000e+04
