9.950000000000000000e+01
9.840000000000000568e+01
9.950000000000000000e+01
9.890000000000000568e+01
9.970000000000000284e+01
9.800000000000000000e+01
9.940000000000000568e+01
9.920000000000000284e+01
9.829999999999999716e+01
9.590000000000000568e+01
9.829999999999999716e+01
9.929999999999999716e+01
9.870000000000000284e+01
9.890000000000000568e+01
9.059999999999999432e+01
9.879999999999999716e+01
9.890000000000000568e+01
9.790000000000000568e+01
9.490000000000000568e+01
9.670000000000000284e+01
