0.000000000000000000e+00
0.000000000000000000e+00
0.000000000000000000e+00
9.435200000000000000e+04
7.031900000000000000e+04
0.000000000000000000e+00
0.000000000000000000e+00
6.708100000000000000e+04
0.000000000000000000e+00
0.000000000000000000e+00
0.000000000000000000e+00
0.000000000000000000e+00
5.737200000000000000e+04
0.000000000000000000e+00
0.000000000000000000e+00
0.000000000000000000e+00
0.000000000000000000e+00
0.000000000000000000e+00
0.000000000000000000e+00
0.000000000000000000e+00
