0.000000000000000000e+00
0.000000000000000000e+00
0.000000000000000000e+00
7.189600000000000000e+04
0.000000000000000000e+00
6.419100000000000000e+04
0.000000000000000000e+00
4.920300000000000000e+04
2.780400000000000000e+04
9.579300000000000000e+04
0.000000000000000000e+00
0.000000000000000000e+00
0.000000000000000000e+00
0.000000000000000000e+00
0.000000000000000000e+00
0.000000000000000000e+00
0.000000000000000000e+00
5.055200000000000000e+04
0.000000000000000000e+00
0.000000000000000000e+00
