0.000000000000000000e+00
0.000000000000000000e+00
0.000000000000000000e+00
5.400000000000000000e+04
0.000000000000000000e+00
9.592900000000000000e+04
7.473400000000000000e+04
6.649000000000000000e+04
0.000000000000000000e+00
0.000000000000000000e+00
0.000000000000000000e+00
0.000000000000000000e+00
7.933400000000000000e+04
0.000000000000000000e+00
0.000000000000000000e+00
0.000000000000000000e+00
2.672900000000000000e+04
9.742300000000000000e+04
0.000000000000000000e+00
0.000000000000000000e+00
