2.269999999999999929e+01
1.850000000000000000e+01
1.730000000000000071e+01
1.989999999999999858e+01
2.210000000000000142e+01
1.939999999999999858e+01
2.080000000000000071e+01
2.260000000000000142e+01
2.039999999999999858e+01
2.089999999999999858e+01
1.860000000000000142e+01
2.080000000000000071e+01
2.119999999999999929e+01
1.960000000000000142e+01
1.969999999999999929e+01
1.860000000000000142e+01
1.980000000000000071e+01
1.939999999999999858e+01
2.110000000000000142e+01
1.910000000000000142e+01
