9.859999999999999432e+01
9.850000000000000000e+01
8.559999999999999432e+01
9.900000000000000000e+01
9.950000000000000000e+01
9.759999999999999432e+01
9.970000000000000284e+01
9.909999999999999432e+01
9.850000000000000000e+01
1.000000000000000000e+02
9.850000000000000000e+01
9.970000000000000284e+01
9.900000000000000000e+01
9.970000000000000284e+01
9.970000000000000284e+01
9.959999999999999432e+01
9.940000000000000568e+01
9.979999999999999716e+01
9.879999999999999716e+01
9.979999999999999716e+01
