2.000000000000000000e+01
2.019999999999999929e+01
2.019999999999999929e+01
2.039999999999999858e+01
1.700000000000000000e+01
1.910000000000000142e+01
2.260000000000000142e+01
1.810000000000000142e+01
2.160000000000000142e+01
1.980000000000000071e+01
2.089999999999999858e+01
2.060000000000000142e+01
1.800000000000000000e+01
2.080000000000000071e+01
2.069999999999999929e+01
1.830000000000000071e+01
2.230000000000000071e+01
1.910000000000000142e+01
2.069999999999999929e+01
2.000000000000000000e+01
