9.970000000000000284e+01
1.000000000000000000e+02
1.000000000000000000e+02
9.859999999999999432e+01
9.879999999999999716e+01
9.290000000000000568e+01
9.959999999999999432e+01
9.620000000000000284e+01
9.959999999999999432e+01
9.929999999999999716e+01
9.840000000000000568e+01
9.820000000000000284e+01
9.900000000000000000e+01
9.959999999999999432e+01
9.840000000000000568e+01
9.950000000000000000e+01
9.950000000000000000e+01
9.970000000000000284e+01
9.970000000000000284e+01
9.959999999999999432e+01
