7.305485928735235834e-01 -7.204171651763799922e-01
-1.867964285864792462e+00 -2.655043178944725968e-01
-2.437572875766194358e-01 -8.121973719673456493e-01
1.103865355816752603e+00 -5.869257908350452579e-01
-1.547082030244645523e+00 -5.433130494980776826e-01
-2.559338868987549365e+00 -1.055276981125983671e+00
4.376614577796622552e-01 -6.977819492090004960e-01
2.783458381787622837e+00 -3.591818860081023024e-01
1.394824126925921615e+00 -8.705300820702736031e-01
-1.289649942800224602e+00 -7.071995430589308462e-01
