1.716000000000000000e+03
2.261000000000000000e+03
2.371000000000000000e+03
1.843000000000000000e+03
1.272000000000000000e+03
2.474000000000000000e+03
1.331000000000000000e+03
1.036000000000000000e+03
1.218000000000000000e+03
3.000000000000000000e+03
1.178000000000000000e+03
1.484000000000000000e+03
1.428000000000000000e+03
2.391000000000000000e+03
1.940000000000000000e+03
2.574000000000000000e+03
2.275000000000000000e+03
1.634000000000000000e+03
2.824000000000000000e+03
3.340000000000000000e+03
1.750000000000000000e+03
1.821000000000000000e+03
1.166000000000000000e+03
1.294000000000000000e+03
1.959000000000000000e+03
2.313000000000000000e+03
2.913000000000000000e+03
3.380000000000000000e+03
1.586000000000000000e+03
3.557000000000000000e+03
1.428000000000000000e+03
2.832000000000000000e+03
1.476000000000000000e+03
2.692000000000000000e+03
1.623000000000000000e+03
1.368000000000000000e+03
1.812000000000000000e+03
4.494000000000000000e+03
1.459000000000000000e+03
2.035000000000000000e+03
1.708000000000000000e+03
2.534000000000000000e+03
1.073000000000000000e+03
1.373000000000000000e+03
1.332000000000000000e+03
2.374000000000000000e+03
1.787000000000000000e+03
1.732000000000000000e+03
2.033000000000000000e+03
1.051000000000000000e+03
2.648000000000000000e+03
2.046000000000000000e+03
1.543000000000000000e+03
1.530000000000000000e+03
3.719000000000000000e+03
1.559000000000000000e+03
2.525000000000000000e+03
1.530000000000000000e+03
2.244000000000000000e+03
8.340000000000000000e+02
1.940000000000000000e+03
2.005000000000000000e+03
1.843000000000000000e+03
2.558000000000000000e+03
6.136000000000000000e+03
1.183000000000000000e+03
2.433000000000000000e+03
1.389000000000000000e+03
1.491000000000000000e+03
1.777000000000000000e+03
2.578000000000000000e+03
2.364000000000000000e+03
1.264000000000000000e+03
2.414000000000000000e+03
1.059000000000000000e+03
2.271000000000000000e+03
1.480000000000000000e+03
1.111000000000000000e+03
2.936000000000000000e+03
2.947000000000000000e+03
1.512000000000000000e+03
1.996000000000000000e+03
1.095000000000000000e+03
1.809000000000000000e+03
9.960000000000000000e+02
2.775000000000000000e+03
1.517000000000000000e+03
3.475000000000000000e+03
1.903000000000000000e+03
3.131000000000000000e+03
1.081000000000000000e+03
1.378000000000000000e+03
1.905000000000000000e+03
1.148000000000000000e+03
1.973000000000000000e+03
3.551000000000000000e+03
2.030000000000000000e+03
2.151000000000000000e+03
3.516000000000000000e+03
1.817000000000000000e+03
