2.579400000000000000e+04
2.010400000000000000e+04
3.711800000000000000e+04
1.729300000000000000e+04
4.974100000000000000e+04
4.044600000000000000e+04
5.005300000000000000e+04
2.389000000000000000e+04
1.844300000000000000e+04
3.350000000000000000e+04
3.453100000000000000e+04
3.334900000000000000e+04
2.984000000000000000e+04
2.362500000000000000e+04
3.221900000000000000e+04
3.291900000000000000e+04
3.955100000000000000e+04
4.238800000000000000e+04
2.740500000000000000e+04
2.267400000000000000e+04
