2.684800000000000000e+04
3.156900000000000000e+04
3.943700000000000000e+04
1.832600000000000000e+04
3.567800000000000000e+04
3.902400000000000000e+04
3.842400000000000000e+04
2.255500000000000000e+04
2.503800000000000000e+04
2.542100000000000000e+04
2.512100000000000000e+04
3.588800000000000000e+04
2.668800000000000000e+04
2.197200000000000000e+04
3.746300000000000000e+04
1.931800000000000000e+04
2.426800000000000000e+04
2.260900000000000000e+04
2.536600000000000000e+04
1.809500000000000000e+04
2.310700000000000000e+04
1.969400000000000000e+04
1.742900000000000000e+04
1.829300000000000000e+04
2.583500000000000000e+04
3.569600000000000000e+04
3.393600000000000000e+04
2.838100000000000000e+04
2.689200000000000000e+04
4.694200000000000000e+04
3.497600000000000000e+04
2.814000000000000000e+04
4.246900000000000000e+04
3.932500000000000000e+04
4.115600000000000000e+04
5.095700000000000000e+04
2.834400000000000000e+04
5.548000000000000000e+04
5.515700000000000000e+04
2.174200000000000000e+04
2.579400000000000000e+04
2.010400000000000000e+04
3.711800000000000000e+04
1.729300000000000000e+04
4.974100000000000000e+04
4.044600000000000000e+04
5.005300000000000000e+04
2.389000000000000000e+04
1.844300000000000000e+04
3.350000000000000000e+04
3.453100000000000000e+04
3.334900000000000000e+04
2.984000000000000000e+04
2.362500000000000000e+04
3.221900000000000000e+04
3.291900000000000000e+04
3.955100000000000000e+04
4.238800000000000000e+04
2.740500000000000000e+04
2.267400000000000000e+04
