2.310700000000000000e+04
1.969400000000000000e+04
1.742900000000000000e+04
1.829300000000000000e+04
2.583500000000000000e+04
3.569600000000000000e+04
3.393600000000000000e+04
2.838100000000000000e+04
2.689200000000000000e+04
4.694200000000000000e+04
3.497600000000000000e+04
2.814000000000000000e+04
4.246900000000000000e+04
3.932500000000000000e+04
4.115600000000000000e+04
5.095700000000000000e+04
2.834400000000000000e+04
5.548000000000000000e+04
5.515700000000000000e+04
2.174200000000000000e+04
