2.684800000000000000e+04
3.156900000000000000e+04
3.943700000000000000e+04
1.832600000000000000e+04
3.567800000000000000e+04
3.902400000000000000e+04
3.842400000000000000e+04
2.255500000000000000e+04
2.503800000000000000e+04
2.542100000000000000e+04
2.512100000000000000e+04
3.588800000000000000e+04
2.668800000000000000e+04
2.197200000000000000e+04
3.746300000000000000e+04
1.931800000000000000e+04
2.426800000000000000e+04
2.260900000000000000e+04
2.536600000000000000e+04
1.809500000000000000e+04
