1.650000000000000000e+01
2.030000000000000071e+01
2.269999999999999929e+01
1.810000000000000142e+01
1.830000000000000071e+01
2.060000000000000142e+01
1.580000000000000071e+01
1.980000000000000071e+01
2.000000000000000000e+01
1.919999999999999929e+01
1.710000000000000142e+01
2.300000000000000000e+01
1.860000000000000142e+01
1.919999999999999929e+01
2.100000000000000000e+01
2.060000000000000142e+01
2.310000000000000142e+01
2.030000000000000071e+01
1.910000000000000142e+01
1.730000000000000071e+01
