9.859999999999999432e+01
9.840000000000000568e+01
9.820000000000000284e+01
9.379999999999999716e+01
9.950000000000000000e+01
9.770000000000000284e+01
9.629999999999999716e+01
9.550000000000000000e+01
9.859999999999999432e+01
9.709999999999999432e+01
9.820000000000000284e+01
9.829999999999999716e+01
9.270000000000000284e+01
9.800000000000000000e+01
9.879999999999999716e+01
9.879999999999999716e+01
9.859999999999999432e+01
9.879999999999999716e+01
9.890000000000000568e+01
9.359999999999999432e+01
9.979999999999999716e+01
9.909999999999999432e+01
9.809999999999999432e+01
9.870000000000000284e+01
9.890000000000000568e+01
9.600000000000000000e+01
1.000000000000000000e+02
9.890000000000000568e+01
9.959999999999999432e+01
9.770000000000000284e+01
9.950000000000000000e+01
9.990000000000000568e+01
9.350000000000000000e+01
9.970000000000000284e+01
9.909999999999999432e+01
9.829999999999999716e+01
9.929999999999999716e+01
9.570000000000000284e+01
9.970000000000000284e+01
9.820000000000000284e+01
9.570000000000000284e+01
9.820000000000000284e+01
1.000000000000000000e+02
9.909999999999999432e+01
9.340000000000000568e+01
1.000000000000000000e+02
9.870000000000000284e+01
9.840000000000000568e+01
9.979999999999999716e+01
9.959999999999999432e+01
9.940000000000000568e+01
9.950000000000000000e+01
9.470000000000000284e+01
9.929999999999999716e+01
9.959999999999999432e+01
9.650000000000000000e+01
9.970000000000000284e+01
9.920000000000000284e+01
9.920000000000000284e+01
1.000000000000000000e+02
