1.689999999999999858e+01
1.660000000000000142e+01
1.789999999999999858e+01
1.830000000000000071e+01
2.280000000000000071e+01
1.680000000000000071e+01
2.000000000000000000e+01
1.769999999999999929e+01
1.910000000000000142e+01
1.860000000000000142e+01
1.839999999999999858e+01
2.010000000000000142e+01
1.780000000000000071e+01
2.289999999999999858e+01
2.380000000000000071e+01
2.150000000000000000e+01
1.660000000000000142e+01
1.889999999999999858e+01
1.780000000000000071e+01
2.060000000000000142e+01
