7.099999999999999645e-01
2.550000000000000044e-01
2.800000000000000266e-01
2.500000000000000000e-01
2.200000000000000011e-01
2.500000000000000000e-01
2.800000000000000266e-01
1.849999999999999978e-01
2.250000000000000056e-01
2.250000000000000056e-01
2.349999999999999867e-01
2.700000000000000178e-01
2.250000000000000056e-01
2.099999999999999922e-01
2.899999999999999800e-01
2.300000000000000100e-01
2.349999999999999867e-01
2.849999999999999756e-01
2.250000000000000056e-01
2.500000000000000000e-01
2.999999999999999889e-01
2.349999999999999867e-01
2.600000000000000089e-01
2.999999999999999889e-01
2.500000000000000000e-01
2.949999999999999845e-01
1.900000000000000022e-01
2.500000000000000000e-01
2.349999999999999867e-01
1.950000000000000067e-01
2.250000000000000056e-01
2.550000000000000044e-01
2.949999999999999845e-01
3.099999999999999978e-01
2.600000000000000089e-01
2.899999999999999800e-01
1.749999999999999889e-01
2.650000000000000133e-01
2.300000000000000100e-01
2.550000000000000044e-01
2.500000000000000000e-01
3.449999999999999734e-01
2.349999999999999867e-01
2.349999999999999867e-01
2.750000000000000222e-01
2.149999999999999967e-01
2.650000000000000133e-01
2.849999999999999756e-01
2.550000000000000044e-01
2.650000000000000133e-01
2.250000000000000056e-01
2.349999999999999867e-01
2.800000000000000266e-01
2.650000000000000133e-01
3.300000000000000155e-01
2.300000000000000100e-01
2.000000000000000111e-01
2.449999999999999956e-01
2.349999999999999867e-01
2.500000000000000000e-01
2.399999999999999911e-01
2.200000000000000011e-01
2.200000000000000011e-01
2.600000000000000089e-01
2.550000000000000044e-01
2.750000000000000222e-01
2.449999999999999956e-01
2.750000000000000222e-01
2.700000000000000178e-01
2.399999999999999911e-01
2.849999999999999756e-01
2.800000000000000266e-01
2.200000000000000011e-01
2.800000000000000266e-01
2.700000000000000178e-01
2.399999999999999911e-01
2.099999999999999922e-01
2.250000000000000056e-01
2.449999999999999956e-01
2.500000000000000000e-01
2.149999999999999967e-01
2.500000000000000000e-01
2.949999999999999845e-01
2.399999999999999911e-01
2.650000000000000133e-01
2.399999999999999911e-01
2.300000000000000100e-01
2.149999999999999967e-01
3.049999999999999933e-01
2.449999999999999956e-01
2.000000000000000111e-01
2.500000000000000000e-01
2.600000000000000089e-01
2.149999999999999967e-01
2.149999999999999967e-01
2.399999999999999911e-01
2.449999999999999956e-01
2.949999999999999845e-01
2.700000000000000178e-01
2.000000000000000111e-01
2.550000000000000044e-01
2.300000000000000100e-01
2.349999999999999867e-01
2.650000000000000133e-01
2.999999999999999889e-01
2.700000000000000178e-01
2.399999999999999911e-01
2.750000000000000222e-01
2.349999999999999867e-01
2.099999999999999922e-01
2.899999999999999800e-01
2.399999999999999911e-01
2.500000000000000000e-01
2.750000000000000222e-01
2.999999999999999889e-01
2.800000000000000266e-01
2.449999999999999956e-01
2.800000000000000266e-01
1.950000000000000067e-01
3.350000000000000200e-01
3.200000000000000067e-01
2.449999999999999956e-01
3.699999999999999956e-01
2.099999999999999922e-01
2.200000000000000011e-01
2.399999999999999911e-01
2.449999999999999956e-01
2.500000000000000000e-01
2.800000000000000266e-01
2.399999999999999911e-01
2.300000000000000100e-01
2.700000000000000178e-01
2.349999999999999867e-01
2.800000000000000266e-01
2.049999999999999878e-01
2.600000000000000089e-01
2.600000000000000089e-01
2.200000000000000011e-01
2.250000000000000056e-01
2.500000000000000000e-01
2.650000000000000133e-01
2.449999999999999956e-01
2.600000000000000089e-01
2.700000000000000178e-01
2.399999999999999911e-01
1.199999999999999956e-01
1.300000000000000044e-01
1.849999999999999978e-01
1.300000000000000044e-01
1.849999999999999978e-01
1.600000000000000033e-01
1.650000000000000078e-01
1.400000000000000133e-01
1.549999999999999989e-01
1.300000000000000044e-01
1.499999999999999944e-01
8.500000000000000611e-02
6.500000000000000222e-02
6.500000000000000222e-02
7.000000000000000666e-02
7.000000000000000666e-02
2.999999999999999889e-02
1.150000000000000050e-01
4.499999999999999833e-02
1.049999999999999961e-01
6.500000000000000222e-02
5.999999999999999778e-02
1.600000000000000033e-01
2.000000000000000042e-02
0.000000000000000000e+00
0.000000000000000000e+00
0.000000000000000000e+00
0.000000000000000000e+00
0.000000000000000000e+00
0.000000000000000000e+00
0.000000000000000000e+00
0.000000000000000000e+00
0.000000000000000000e+00
0.000000000000000000e+00
0.000000000000000000e+00
0.000000000000000000e+00
0.000000000000000000e+00
0.000000000000000000e+00
0.000000000000000000e+00
0.000000000000000000e+00
0.000000000000000000e+00
0.000000000000000000e+00
0.000000000000000000e+00
0.000000000000000000e+00
0.000000000000000000e+00
0.000000000000000000e+00
0.000000000000000000e+00
0.000000000000000000e+00
0.000000000000000000e+00
0.000000000000000000e+00
0.000000000000000000e+00
0.000000000000000000e+00
0.000000000000000000e+00
0.000000000000000000e+00
0.000000000000000000e+00
0.000000000000000000e+00
0.000000000000000000e+00
0.000000000000000000e+00
0.000000000000000000e+00
0.000000000000000000e+00
0.000000000000000000e+00
0.000000000000000000e+00
0.000000000000000000e+00
0.000000000000000000e+00
0.000000000000000000e+00
0.000000000000000000e+00
0.000000000000000000e+00
0.000000000000000000e+00
0.000000000000000000e+00
0.000000000000000000e+00
0.000000000000000000e+00
0.000000000000000000e+00
0.000000000000000000e+00
0.000000000000000000e+00
0.000000000000000000e+00
0.000000000000000000e+00
0.000000000000000000e+00
0.000000000000000000e+00
0.000000000000000000e+00
0.000000000000000000e+00
0.000000000000000000e+00
0.000000000000000000e+00
0.000000000000000000e+00
0.000000000000000000e+00
0.000000000000000000e+00
0.000000000000000000e+00
0.000000000000000000e+00
0.000000000000000000e+00
0.000000000000000000e+00
0.000000000000000000e+00
0.000000000000000000e+00
0.000000000000000000e+00
0.000000000000000000e+00
0.000000000000000000e+00
0.000000000000000000e+00
0.000000000000000000e+00
0.000000000000000000e+00
0.000000000000000000e+00
0.000000000000000000e+00
0.000000000000000000e+00
0.000000000000000000e+00
0.000000000000000000e+00
0.000000000000000000e+00
0.000000000000000000e+00
0.000000000000000000e+00
