7.099999999999999645e-01
7.199999999999999734e-01
6.300000000000000044e-01
5.899999999999999689e-01
5.749999999999999556e-01
7.299999999999999822e-01
5.600000000000000533e-01
5.849999999999999645e-01
5.150000000000000133e-01
6.250000000000000000e-01
6.099999999999999867e-01
6.300000000000000044e-01
5.999999999999999778e-01
6.700000000000000400e-01
6.400000000000000133e-01
6.500000000000000222e-01
4.899999999999999911e-01
6.500000000000000222e-01
6.149999999999999911e-01
6.850000000000000533e-01
6.650000000000000355e-01
5.000000000000000000e-01
6.149999999999999911e-01
6.949999999999999512e-01
5.799999999999999600e-01
5.849999999999999645e-01
6.550000000000000266e-01
6.700000000000000400e-01
5.749999999999999556e-01
5.999999999999999778e-01
6.250000000000000000e-01
5.749999999999999556e-01
6.199999999999999956e-01
6.750000000000000444e-01
6.700000000000000400e-01
5.849999999999999645e-01
5.899999999999999689e-01
5.999999999999999778e-01
6.350000000000000089e-01
5.350000000000000311e-01
5.749999999999999556e-01
6.350000000000000089e-01
5.899999999999999689e-01
6.400000000000000133e-01
7.399999999999999911e-01
6.899999999999999467e-01
5.749999999999999556e-01
5.999999999999999778e-01
6.750000000000000444e-01
7.099999999999999645e-01
5.949999999999999734e-01
6.099999999999999867e-01
6.949999999999999512e-01
5.600000000000000533e-01
5.849999999999999645e-01
6.049999999999999822e-01
5.749999999999999556e-01
5.999999999999999778e-01
6.650000000000000355e-01
6.600000000000000311e-01
6.400000000000000133e-01
6.300000000000000044e-01
6.300000000000000044e-01
5.999999999999999778e-01
6.199999999999999956e-01
6.149999999999999911e-01
5.849999999999999645e-01
5.849999999999999645e-01
5.749999999999999556e-01
5.799999999999999600e-01
6.600000000000000311e-01
5.749999999999999556e-01
6.199999999999999956e-01
6.800000000000000488e-01
6.049999999999999822e-01
5.999999999999999778e-01
6.750000000000000444e-01
5.450000000000000400e-01
6.450000000000000178e-01
6.899999999999999467e-01
6.099999999999999867e-01
5.999999999999999778e-01
6.300000000000000044e-01
6.450000000000000178e-01
6.300000000000000044e-01
5.550000000000000488e-01
6.300000000000000044e-01
6.700000000000000400e-01
6.350000000000000089e-01
6.250000000000000000e-01
6.049999999999999822e-01
5.250000000000000222e-01
6.500000000000000222e-01
7.049999999999999600e-01
5.849999999999999645e-01
4.899999999999999911e-01
6.300000000000000044e-01
6.400000000000000133e-01
5.600000000000000533e-01
6.099999999999999867e-01
5.600000000000000533e-01
6.099999999999999867e-01
5.400000000000000355e-01
6.550000000000000266e-01
6.099999999999999867e-01
5.799999999999999600e-01
6.500000000000000222e-01
6.350000000000000089e-01
5.250000000000000222e-01
3.900000000000000133e-01
3.449999999999999734e-01
2.600000000000000089e-01
1.449999999999999900e-01
8.000000000000000167e-02
4.499999999999999833e-02
8.999999999999999667e-02
8.000000000000000167e-02
5.999999999999999778e-02
4.000000000000000083e-02
7.000000000000000666e-02
4.000000000000000083e-02
5.000000000000000278e-02
5.999999999999999778e-02
4.499999999999999833e-02
2.999999999999999889e-02
2.500000000000000139e-02
5.999999999999999778e-02
5.500000000000000028e-02
2.999999999999999889e-02
2.000000000000000042e-02
4.000000000000000083e-02
4.499999999999999833e-02
5.000000000000000278e-02
2.999999999999999889e-02
2.999999999999999889e-02
1.499999999999999944e-02
2.500000000000000139e-02
4.000000000000000083e-02
3.500000000000000333e-02
3.500000000000000333e-02
3.500000000000000333e-02
2.500000000000000139e-02
3.500000000000000333e-02
2.999999999999999889e-02
2.000000000000000042e-02
2.999999999999999889e-02
3.500000000000000333e-02
2.500000000000000139e-02
4.000000000000000083e-02
2.500000000000000139e-02
2.500000000000000139e-02
2.500000000000000139e-02
3.500000000000000333e-02
1.499999999999999944e-02
2.000000000000000042e-02
2.999999999999999889e-02
1.499999999999999944e-02
2.999999999999999889e-02
4.499999999999999833e-02
4.499999999999999833e-02
4.499999999999999833e-02
2.500000000000000139e-02
2.500000000000000139e-02
2.500000000000000139e-02
2.999999999999999889e-02
1.000000000000000021e-02
3.500000000000000333e-02
3.500000000000000333e-02
0.000000000000000000e+00
0.000000000000000000e+00
0.000000000000000000e+00
0.000000000000000000e+00
0.000000000000000000e+00
0.000000000000000000e+00
0.000000000000000000e+00
0.000000000000000000e+00
0.000000000000000000e+00
0.000000000000000000e+00
0.000000000000000000e+00
0.000000000000000000e+00
0.000000000000000000e+00
0.000000000000000000e+00
0.000000000000000000e+00
0.000000000000000000e+00
0.000000000000000000e+00
0.000000000000000000e+00
0.000000000000000000e+00
0.000000000000000000e+00
0.000000000000000000e+00
0.000000000000000000e+00
0.000000000000000000e+00
0.000000000000000000e+00
0.000000000000000000e+00
0.000000000000000000e+00
0.000000000000000000e+00
0.000000000000000000e+00
0.000000000000000000e+00
0.000000000000000000e+00
0.000000000000000000e+00
0.000000000000000000e+00
0.000000000000000000e+00
0.000000000000000000e+00
0.000000000000000000e+00
0.000000000000000000e+00
0.000000000000000000e+00
0.000000000000000000e+00
0.000000000000000000e+00
0.000000000000000000e+00
0.000000000000000000e+00
0.000000000000000000e+00
0.000000000000000000e+00
0.000000000000000000e+00
0.000000000000000000e+00
0.000000000000000000e+00
0.000000000000000000e+00
0.000000000000000000e+00
0.000000000000000000e+00
0.000000000000000000e+00
0.000000000000000000e+00
0.000000000000000000e+00
0.000000000000000000e+00
0.000000000000000000e+00
0.000000000000000000e+00
0.000000000000000000e+00
0.000000000000000000e+00
0.000000000000000000e+00
0.000000000000000000e+00
0.000000000000000000e+00
0.000000000000000000e+00
0.000000000000000000e+00
0.000000000000000000e+00
0.000000000000000000e+00
0.000000000000000000e+00
0.000000000000000000e+00
0.000000000000000000e+00
0.000000000000000000e+00
0.000000000000000000e+00
0.000000000000000000e+00
0.000000000000000000e+00
0.000000000000000000e+00
0.000000000000000000e+00
0.000000000000000000e+00
0.000000000000000000e+00
0.000000000000000000e+00
0.000000000000000000e+00
0.000000000000000000e+00
0.000000000000000000e+00
0.000000000000000000e+00
0.000000000000000000e+00
0.000000000000000000e+00
0.000000000000000000e+00
0.000000000000000000e+00
0.000000000000000000e+00
0.000000000000000000e+00
0.000000000000000000e+00
0.000000000000000000e+00
0.000000000000000000e+00
0.000000000000000000e+00
0.000000000000000000e+00
0.000000000000000000e+00
0.000000000000000000e+00
0.000000000000000000e+00
0.000000000000000000e+00
0.000000000000000000e+00
0.000000000000000000e+00
0.000000000000000000e+00
0.000000000000000000e+00
0.000000000000000000e+00
0.000000000000000000e+00
0.000000000000000000e+00
0.000000000000000000e+00
0.000000000000000000e+00
0.000000000000000000e+00
0.000000000000000000e+00
0.000000000000000000e+00
0.000000000000000000e+00
0.000000000000000000e+00
0.000000000000000000e+00
0.000000000000000000e+00
0.000000000000000000e+00
0.000000000000000000e+00
0.000000000000000000e+00
0.000000000000000000e+00
0.000000000000000000e+00
0.000000000000000000e+00
0.000000000000000000e+00
0.000000000000000000e+00
0.000000000000000000e+00
0.000000000000000000e+00
0.000000000000000000e+00
0.000000000000000000e+00
0.000000000000000000e+00
0.000000000000000000e+00
0.000000000000000000e+00
0.000000000000000000e+00
0.000000000000000000e+00
0.000000000000000000e+00
0.000000000000000000e+00
0.000000000000000000e+00
0.000000000000000000e+00
0.000000000000000000e+00
0.000000000000000000e+00
0.000000000000000000e+00
0.000000000000000000e+00
0.000000000000000000e+00
0.000000000000000000e+00
0.000000000000000000e+00
0.000000000000000000e+00
0.000000000000000000e+00
0.000000000000000000e+00
0.000000000000000000e+00
0.000000000000000000e+00
0.000000000000000000e+00
0.000000000000000000e+00
0.000000000000000000e+00
0.000000000000000000e+00
0.000000000000000000e+00
0.000000000000000000e+00
0.000000000000000000e+00
0.000000000000000000e+00
0.000000000000000000e+00
0.000000000000000000e+00
0.000000000000000000e+00
0.000000000000000000e+00
0.000000000000000000e+00
0.000000000000000000e+00
0.000000000000000000e+00
0.000000000000000000e+00
0.000000000000000000e+00
0.000000000000000000e+00
0.000000000000000000e+00
0.000000000000000000e+00
0.000000000000000000e+00
0.000000000000000000e+00
0.000000000000000000e+00
0.000000000000000000e+00
0.000000000000000000e+00
0.000000000000000000e+00
0.000000000000000000e+00
0.000000000000000000e+00
0.000000000000000000e+00
0.000000000000000000e+00
0.000000000000000000e+00
0.000000000000000000e+00
0.000000000000000000e+00
0.000000000000000000e+00
0.000000000000000000e+00
0.000000000000000000e+00
0.000000000000000000e+00
0.000000000000000000e+00
0.000000000000000000e+00
0.000000000000000000e+00
0.000000000000000000e+00
0.000000000000000000e+00
0.000000000000000000e+00
0.000000000000000000e+00
0.000000000000000000e+00
0.000000000000000000e+00
0.000000000000000000e+00
0.000000000000000000e+00
0.000000000000000000e+00
0.000000000000000000e+00
0.000000000000000000e+00
0.000000000000000000e+00
0.000000000000000000e+00
0.000000000000000000e+00
0.000000000000000000e+00
0.000000000000000000e+00
0.000000000000000000e+00
0.000000000000000000e+00
0.000000000000000000e+00
0.000000000000000000e+00
0.000000000000000000e+00
0.000000000000000000e+00
0.000000000000000000e+00
0.000000000000000000e+00
0.000000000000000000e+00
0.000000000000000000e+00
0.000000000000000000e+00
0.000000000000000000e+00
0.000000000000000000e+00
0.000000000000000000e+00
0.000000000000000000e+00
0.000000000000000000e+00
0.000000000000000000e+00
0.000000000000000000e+00
0.000000000000000000e+00
0.000000000000000000e+00
0.000000000000000000e+00
0.000000000000000000e+00
0.000000000000000000e+00
0.000000000000000000e+00
0.000000000000000000e+00
0.000000000000000000e+00
0.000000000000000000e+00
0.000000000000000000e+00
0.000000000000000000e+00
0.000000000000000000e+00
0.000000000000000000e+00
0.000000000000000000e+00
0.000000000000000000e+00
0.000000000000000000e+00
0.000000000000000000e+00
0.000000000000000000e+00
0.000000000000000000e+00
0.000000000000000000e+00
0.000000000000000000e+00
0.000000000000000000e+00
0.000000000000000000e+00
0.000000000000000000e+00
0.000000000000000000e+00
0.000000000000000000e+00
0.000000000000000000e+00
0.000000000000000000e+00
0.000000000000000000e+00
0.000000000000000000e+00
0.000000000000000000e+00
0.000000000000000000e+00
0.000000000000000000e+00
0.000000000000000000e+00
0.000000000000000000e+00
0.000000000000000000e+00
0.000000000000000000e+00
0.000000000000000000e+00
0.000000000000000000e+00
0.000000000000000000e+00
0.000000000000000000e+00
0.000000000000000000e+00
0.000000000000000000e+00
0.000000000000000000e+00
0.000000000000000000e+00
0.000000000000000000e+00
0.000000000000000000e+00
0.000000000000000000e+00
0.000000000000000000e+00
0.000000000000000000e+00
0.000000000000000000e+00
0.000000000000000000e+00
0.000000000000000000e+00
0.000000000000000000e+00
0.000000000000000000e+00
0.000000000000000000e+00
0.000000000000000000e+00
0.000000000000000000e+00
0.000000000000000000e+00
0.000000000000000000e+00
0.000000000000000000e+00
0.000000000000000000e+00
0.000000000000000000e+00
0.000000000000000000e+00
0.000000000000000000e+00
0.000000000000000000e+00
0.000000000000000000e+00
0.000000000000000000e+00
0.000000000000000000e+00
0.000000000000000000e+00
0.000000000000000000e+00
0.000000000000000000e+00
0.000000000000000000e+00
0.000000000000000000e+00
0.000000000000000000e+00
0.000000000000000000e+00
0.000000000000000000e+00
0.000000000000000000e+00
0.000000000000000000e+00
0.000000000000000000e+00
0.000000000000000000e+00
0.000000000000000000e+00
0.000000000000000000e+00
0.000000000000000000e+00
0.000000000000000000e+00
0.000000000000000000e+00
0.000000000000000000e+00
0.000000000000000000e+00
0.000000000000000000e+00
0.000000000000000000e+00
0.000000000000000000e+00
0.000000000000000000e+00
0.000000000000000000e+00
0.000000000000000000e+00
0.000000000000000000e+00
0.000000000000000000e+00
0.000000000000000000e+00
0.000000000000000000e+00
0.000000000000000000e+00
0.000000000000000000e+00
0.000000000000000000e+00
0.000000000000000000e+00
0.000000000000000000e+00
0.000000000000000000e+00
0.000000000000000000e+00
0.000000000000000000e+00
0.000000000000000000e+00
0.000000000000000000e+00
0.000000000000000000e+00
0.000000000000000000e+00
0.000000000000000000e+00
0.000000000000000000e+00
0.000000000000000000e+00
0.000000000000000000e+00
