5.299600000000000000e+04
7.916800000000000000e+04
5.188600000000000000e+04
6.754800000000000000e+04
5.871900000000000000e+04
1.352490000000000000e+05
6.489800000000000000e+04
1.466830000000000000e+05
7.133500000000000000e+04
8.466000000000000000e+04
1.382500000000000000e+05
5.588900000000000000e+04
4.101200000000000000e+04
5.697500000000000000e+04
6.347000000000000000e+04
8.359000000000000000e+04
1.315980000000000000e+05
1.476790000000000000e+05
6.487800000000000000e+04
9.406000000000000000e+04
