8.665100000000000000e+04
6.098500000000000000e+04
5.417700000000000000e+04
7.545800000000000000e+04
1.128730000000000000e+05
9.014400000000000000e+04
1.183880000000000000e+05
9.782000000000000000e+04
1.477750000000000000e+05
1.688840000000000000e+05
6.458700000000000000e+04
6.157300000000000000e+04
1.285650000000000000e+05
7.421300000000000000e+04
1.857730000000000000e+05
1.773910000000000000e+05
1.202070000000000000e+05
1.047440000000000000e+05
1.170830000000000000e+05
7.082700000000000000e+04
4.593400000000000000e+04
1.173570000000000000e+05
8.649700000000000000e+04
7.761000000000000000e+04
5.579800000000000000e+04
