8.011200000000000000e+04
1.062560000000000000e+05
1.857120000000000000e+05
7.089700000000000000e+04
5.013400000000000000e+04
2.144740000000000000e+05
6.923300000000000000e+04
8.239800000000000000e+04
9.624900000000000000e+04
1.432230000000000000e+05
6.607900000000000000e+04
0.000000000000000000e+00
4.268000000000000000e+04
7.676000000000000000e+04
8.054800000000000000e+04
8.439600000000000000e+04
3.442300000000000000e+04
7.280600000000000000e+04
5.633500000000000000e+04
2.307160000000000000e+05
