1.820710000000000000e+05
3.964800000000000000e+04
6.639100000000000000e+04
1.074170000000000000e+05
5.654720000000000000e+05
4.215400000000000000e+04
1.071550000000000000e+05
5.005000000000000000e+04
1.380260000000000000e+05
9.444920000000000000e+05
6.875400000000000000e+04
8.142300000000000000e+04
9.700700000000000000e+04
9.383000000000000000e+04
1.222380000000000000e+05
1.594680000000000000e+05
7.115100000000000000e+04
7.446190000000000000e+05
8.097000000000000000e+04
6.638500000000000000e+04
