1.146000000000000000e+03
1.232000000000000000e+03
1.185000000000000000e+03
1.026000000000000000e+03
1.086000000000000000e+03
1.305000000000000000e+03
1.035000000000000000e+03
1.200000000000000000e+03
9.560000000000000000e+02
1.005000000000000000e+03
1.342000000000000000e+03
1.684000000000000000e+03
1.082000000000000000e+03
8.020000000000000000e+02
8.650000000000000000e+02
9.650000000000000000e+02
1.022000000000000000e+03
9.120000000000000000e+02
1.039000000000000000e+03
1.148000000000000000e+03
8.490000000000000000e+02
1.076000000000000000e+03
8.300000000000000000e+02
1.029000000000000000e+03
1.020000000000000000e+03
9.920000000000000000e+02
7.790000000000000000e+02
1.077000000000000000e+03
1.071000000000000000e+03
8.300000000000000000e+02
1.446000000000000000e+03
1.361000000000000000e+03
1.188000000000000000e+03
1.143000000000000000e+03
1.036000000000000000e+03
1.190000000000000000e+03
8.700000000000000000e+02
8.370000000000000000e+02
1.092000000000000000e+03
8.990000000000000000e+02
8.320000000000000000e+02
7.000000000000000000e+02
9.210000000000000000e+02
1.028000000000000000e+03
1.325000000000000000e+03
1.311000000000000000e+03
1.291000000000000000e+03
1.044000000000000000e+03
1.301000000000000000e+03
1.226000000000000000e+03
1.462000000000000000e+03
9.230000000000000000e+02
1.022000000000000000e+03
1.071000000000000000e+03
1.170000000000000000e+03
8.970000000000000000e+02
1.147000000000000000e+03
1.094000000000000000e+03
9.860000000000000000e+02
1.262000000000000000e+03
1.229000000000000000e+03
9.440000000000000000e+02
7.910000000000000000e+02
8.670000000000000000e+02
1.200000000000000000e+03
1.161000000000000000e+03
9.120000000000000000e+02
7.360000000000000000e+02
1.280000000000000000e+03
1.331000000000000000e+03
1.185000000000000000e+03
1.009000000000000000e+03
9.780000000000000000e+02
1.106000000000000000e+03
9.520000000000000000e+02
9.290000000000000000e+02
8.910000000000000000e+02
9.640000000000000000e+02
1.163000000000000000e+03
1.987000000000000000e+03
1.338000000000000000e+03
1.425000000000000000e+03
7.890000000000000000e+02
8.920000000000000000e+02
1.114000000000000000e+03
8.270000000000000000e+02
8.450000000000000000e+02
8.010000000000000000e+02
1.217000000000000000e+03
8.980000000000000000e+02
1.238000000000000000e+03
9.420000000000000000e+02
1.013000000000000000e+03
1.005000000000000000e+03
9.010000000000000000e+02
1.013000000000000000e+03
1.089000000000000000e+03
9.740000000000000000e+02
1.026000000000000000e+03
8.780000000000000000e+02
