1.198970833870473651e+00 -7.303428336339404248e-02
3.013137714758822028e-02 1.202071812600871814e+00
1.223401898242419072e+00 -2.604011288069641439e-01
-7.376743714612405967e-01 3.981455616027965161e-01
1.654009432104383559e-02 2.561421927821133093e-01
-3.280277255688286986e-01 -8.093346260235779743e-01
4.651054148933951859e-01 -1.947217101869331279e-01
5.764986155712729099e-01 -8.066493554746989592e-01
2.654096793109127495e-01 -1.555250435187556457e+00
4.219574080698802465e-01 3.563441069747702583e-01
2.211087360498404097e-01 -6.273902870049123948e-01
2.376215439971713639e-01 -1.514124495995872177e-02
4.285961158350269362e-01 -1.050401310073230787e+00
2.321216224483611534e-01 -1.586908538096081456e+00
-5.570813673065400096e-01 -6.806813601020760274e-01
-1.048348019630958694e+00 -1.182206105697312992e+00
2.189410584254933567e-01 -5.834900364966437714e-01
5.196156781606289243e-01 5.730726233391727487e-01
-1.100092660448332982e+00 -9.306866613296301827e-01
2.854987142029934422e-01 -1.982961350752064478e+00
