0.000000000000000000e+00
0.000000000000000000e+00
0.000000000000000000e+00
9.396100000000000000e+04
0.000000000000000000e+00
0.000000000000000000e+00
6.854500000000000000e+04
0.000000000000000000e+00
0.000000000000000000e+00
0.000000000000000000e+00
0.000000000000000000e+00
0.000000000000000000e+00
0.000000000000000000e+00
0.000000000000000000e+00
0.000000000000000000e+00
6.213500000000000000e+04
0.000000000000000000e+00
0.000000000000000000e+00
4.293200000000000000e+04
0.000000000000000000e+00
