2.256000000000000000e+03
1.979000000000000000e+03
1.253000000000000000e+03
1.990000000000000000e+03
1.246000000000000000e+03
1.570000000000000000e+03
1.490000000000000000e+03
1.516000000000000000e+03
1.278000000000000000e+03
1.111000000000000000e+03
1.624000000000000000e+03
2.027000000000000000e+03
1.240000000000000000e+03
1.204000000000000000e+03
1.677000000000000000e+03
1.015000000000000000e+03
1.991000000000000000e+03
3.561000000000000000e+03
1.357000000000000000e+03
1.787000000000000000e+03
1.489000000000000000e+03
1.400000000000000000e+03
1.290000000000000000e+03
1.751000000000000000e+03
1.652000000000000000e+03
1.685000000000000000e+03
1.571000000000000000e+03
1.304000000000000000e+03
1.600000000000000000e+03
1.519000000000000000e+03
1.908000000000000000e+03
1.084000000000000000e+03
1.336000000000000000e+03
1.429000000000000000e+03
1.459000000000000000e+03
1.368000000000000000e+03
1.063000000000000000e+03
2.023000000000000000e+03
1.819000000000000000e+03
1.360000000000000000e+03
2.056000000000000000e+03
2.684000000000000000e+03
1.522000000000000000e+03
1.744000000000000000e+03
1.575000000000000000e+03
1.700000000000000000e+03
1.484000000000000000e+03
1.724000000000000000e+03
1.316000000000000000e+03
1.256000000000000000e+03
1.159000000000000000e+03
1.405000000000000000e+03
1.232000000000000000e+03
1.382000000000000000e+03
1.257000000000000000e+03
1.539000000000000000e+03
1.924000000000000000e+03
1.241000000000000000e+03
2.109000000000000000e+03
1.591000000000000000e+03
1.495000000000000000e+03
2.035000000000000000e+03
1.408000000000000000e+03
1.421000000000000000e+03
2.012000000000000000e+03
1.239000000000000000e+03
1.294000000000000000e+03
2.167000000000000000e+03
1.108000000000000000e+03
1.634000000000000000e+03
1.740000000000000000e+03
1.603000000000000000e+03
1.641000000000000000e+03
1.432000000000000000e+03
1.270000000000000000e+03
1.261000000000000000e+03
1.865000000000000000e+03
1.839000000000000000e+03
1.921000000000000000e+03
2.146000000000000000e+03
1.090000000000000000e+03
1.546000000000000000e+03
1.697000000000000000e+03
1.100000000000000000e+03
1.238000000000000000e+03
1.521000000000000000e+03
1.682000000000000000e+03
1.291000000000000000e+03
1.572000000000000000e+03
1.167000000000000000e+03
1.517000000000000000e+03
1.955000000000000000e+03
1.291000000000000000e+03
1.306000000000000000e+03
1.342000000000000000e+03
1.478000000000000000e+03
1.720000000000000000e+03
1.721000000000000000e+03
1.266000000000000000e+03
1.351000000000000000e+03
