7.794000000000000000e+03
9.455000000000000000e+03
1.016500000000000000e+04
3.498800000000000000e+04
6.634000000000000000e+03
6.159800000000000000e+04
1.826400000000000000e+04
5.984000000000000000e+03
3.078000000000000000e+03
4.792000000000000000e+03
2.707400000000000000e+04
6.497000000000000000e+03
9.694000000000000000e+03
6.253000000000000000e+03
3.090000000000000000e+03
8.153000000000000000e+03
8.024000000000000000e+03
6.515000000000000000e+03
5.976000000000000000e+03
6.758000000000000000e+03
3.786000000000000000e+03
4.377590000000000000e+05
4.528000000000000000e+03
7.336000000000000000e+03
5.457000000000000000e+03
3.982000000000000000e+03
6.413800000000000000e+04
7.318000000000000000e+03
7.511000000000000000e+03
4.326000000000000000e+03
6.647000000000000000e+03
3.498200000000000000e+04
3.846700000000000000e+04
3.009000000000000000e+03
4.572000000000000000e+03
4.364000000000000000e+03
1.172900000000000000e+04
0.000000000000000000e+00
3.623100000000000000e+04
2.350100000000000000e+04
5.643000000000000000e+03
5.548000000000000000e+03
5.943000000000000000e+03
9.436700000000000000e+04
3.366000000000000000e+04
8.073000000000000000e+03
7.862000000000000000e+03
3.963000000000000000e+03
3.626200000000000000e+04
1.977500000000000000e+04
