1.000000000000000000e+02
9.979999999999999716e+01
1.000000000000000000e+02
9.970000000000000284e+01
9.979999999999999716e+01
1.000000000000000000e+02
1.000000000000000000e+02
1.000000000000000000e+02
9.300000000000000000e+01
9.979999999999999716e+01
9.929999999999999716e+01
9.950000000000000000e+01
9.940000000000000568e+01
9.979999999999999716e+01
9.490000000000000568e+01
7.890000000000000568e+01
9.970000000000000284e+01
1.000000000000000000e+02
9.959999999999999432e+01
1.000000000000000000e+02
9.840000000000000568e+01
1.000000000000000000e+02
9.890000000000000568e+01
1.000000000000000000e+02
1.000000000000000000e+02
9.900000000000000000e+01
1.000000000000000000e+02
9.990000000000000568e+01
9.490000000000000568e+01
9.979999999999999716e+01
1.000000000000000000e+02
1.000000000000000000e+02
1.000000000000000000e+02
9.479999999999999716e+01
9.320000000000000284e+01
1.000000000000000000e+02
1.000000000000000000e+02
7.750000000000000000e+01
9.790000000000000568e+01
9.990000000000000568e+01
9.950000000000000000e+01
9.400000000000000000e+01
1.000000000000000000e+02
1.000000000000000000e+02
9.779999999999999716e+01
8.329999999999999716e+01
9.990000000000000568e+01
1.000000000000000000e+02
9.950000000000000000e+01
9.750000000000000000e+01
