4.429300000000000000e+04
0.000000000000000000e+00
4.510500000000000000e+04
3.036500000000000000e+04
5.721600000000000000e+04
5.919900000000000000e+04
2.335100000000000000e+04
3.122200000000000000e+04
2.328300000000000000e+04
6.110400000000000000e+04
0.000000000000000000e+00
7.144400000000000000e+04
4.218600000000000000e+04
0.000000000000000000e+00
0.000000000000000000e+00
8.073300000000000000e+04
0.000000000000000000e+00
0.000000000000000000e+00
0.000000000000000000e+00
1.490100000000000000e+04
