5.079999999999999716e+01
9.370000000000000284e+01
9.059999999999999432e+01
4.870000000000000284e+01
5.100000000000000000e+01
9.429999999999999716e+01
5.120000000000000284e+01
5.060000000000000142e+01
4.929999999999999716e+01
9.500000000000000000e+01
9.809999999999999432e+01
4.850000000000000000e+01
9.440000000000000568e+01
9.420000000000000284e+01
9.750000000000000000e+01
9.620000000000000284e+01
9.659999999999999432e+01
9.709999999999999432e+01
9.579999999999999716e+01
9.400000000000000000e+01
