2.460000000000000000e+02
1.650000000000000000e+02
1.910000000000000000e+02
1.300000000000000000e+02
1.770000000000000000e+02
1.410000000000000000e+02
3.570000000000000000e+02
3.210000000000000000e+02
2.500000000000000000e+02
1.830000000000000000e+02
3.180000000000000000e+02
1.460000000000000000e+02
1.190000000000000000e+02
2.360000000000000000e+02
1.660000000000000000e+02
1.550000000000000000e+02
1.750000000000000000e+02
2.390000000000000000e+02
2.860000000000000000e+02
1.830000000000000000e+02
2.960000000000000000e+02
3.650000000000000000e+02
5.470000000000000000e+02
2.490000000000000000e+02
1.710000000000000000e+02
1.520000000000000000e+02
1.430000000000000000e+02
1.220000000000000000e+02
2.120000000000000000e+02
1.700000000000000000e+02
1.820000000000000000e+02
4.070000000000000000e+02
3.300000000000000000e+02
1.610000000000000000e+02
2.260000000000000000e+02
5.430000000000000000e+02
3.070000000000000000e+02
1.590000000000000000e+02
2.260000000000000000e+02
1.930000000000000000e+02
1.700000000000000000e+02
4.460000000000000000e+02
1.910000000000000000e+02
3.400000000000000000e+02
2.120000000000000000e+02
1.400000000000000000e+02
1.440000000000000000e+02
5.870000000000000000e+02
1.710000000000000000e+02
1.800000000000000000e+02
1.370000000000000000e+02
3.920000000000000000e+02
2.140000000000000000e+02
2.350000000000000000e+02
1.750000000000000000e+02
1.610000000000000000e+02
2.650000000000000000e+02
2.840000000000000000e+02
2.930000000000000000e+02
1.700000000000000000e+02
2.010000000000000000e+02
2.490000000000000000e+02
5.290000000000000000e+02
1.460000000000000000e+02
8.050000000000000000e+02
1.650000000000000000e+02
2.210000000000000000e+02
6.640000000000000000e+02
2.260000000000000000e+02
1.840000000000000000e+02
1.640000000000000000e+02
1.590000000000000000e+02
1.570000000000000000e+02
1.920000000000000000e+02
3.710000000000000000e+02
1.140000000000000000e+02
2.990000000000000000e+02
1.700000000000000000e+02
1.470000000000000000e+02
1.550000000000000000e+02
1.470000000000000000e+02
2.990000000000000000e+02
1.300000000000000000e+02
1.350000000000000000e+02
2.510000000000000000e+02
2.250000000000000000e+02
1.510000000000000000e+02
3.780000000000000000e+02
1.880000000000000000e+02
2.240000000000000000e+02
2.650000000000000000e+02
1.440000000000000000e+02
1.970000000000000000e+02
2.640000000000000000e+02
2.250000000000000000e+02
1.510000000000000000e+02
2.380000000000000000e+02
1.930000000000000000e+02
1.470000000000000000e+02
1.860000000000000000e+02
