3.770000000000000000e+02
1.900000000000000000e+02
1.620000000000000000e+02
2.130000000000000000e+02
5.640000000000000000e+02
3.160000000000000000e+02
2.670000000000000000e+02
1.460000000000000000e+02
2.420000000000000000e+02
1.940000000000000000e+02
1.870000000000000000e+02
1.940000000000000000e+02
1.710000000000000000e+02
2.800000000000000000e+02
2.350000000000000000e+02
2.670000000000000000e+02
1.780000000000000000e+02
1.500000000000000000e+02
2.650000000000000000e+02
3.460000000000000000e+02
1.600000000000000000e+02
3.020000000000000000e+02
1.560000000000000000e+02
1.450000000000000000e+02
2.110000000000000000e+02
1.900000000000000000e+02
1.580000000000000000e+02
1.710000000000000000e+02
3.430000000000000000e+02
2.610000000000000000e+02
2.820000000000000000e+02
2.200000000000000000e+02
1.520000000000000000e+02
1.700000000000000000e+02
1.420000000000000000e+02
3.310000000000000000e+02
1.920000000000000000e+02
1.880000000000000000e+02
1.500000000000000000e+02
2.000000000000000000e+02
2.190000000000000000e+02
3.680000000000000000e+02
1.740000000000000000e+02
1.400000000000000000e+02
1.390000000000000000e+02
2.430000000000000000e+02
3.040000000000000000e+02
2.020000000000000000e+02
1.840000000000000000e+02
1.610000000000000000e+02
4.370000000000000000e+02
1.690000000000000000e+02
2.750000000000000000e+02
1.420000000000000000e+02
1.960000000000000000e+02
1.190000000000000000e+02
1.660000000000000000e+02
1.450000000000000000e+02
1.500000000000000000e+02
4.180000000000000000e+02
1.700000000000000000e+02
3.550000000000000000e+02
3.930000000000000000e+02
2.630000000000000000e+02
1.670000000000000000e+02
2.320000000000000000e+02
2.520000000000000000e+02
2.040000000000000000e+02
2.150000000000000000e+02
3.460000000000000000e+02
2.560000000000000000e+02
1.990000000000000000e+02
1.460000000000000000e+02
1.940000000000000000e+02
2.670000000000000000e+02
2.160000000000000000e+02
1.770000000000000000e+02
2.270000000000000000e+02
1.960000000000000000e+02
2.570000000000000000e+02
6.390000000000000000e+02
2.420000000000000000e+02
2.290000000000000000e+02
1.990000000000000000e+02
2.640000000000000000e+02
4.250000000000000000e+02
1.560000000000000000e+02
3.190000000000000000e+02
1.740000000000000000e+02
2.460000000000000000e+02
1.470000000000000000e+02
1.970000000000000000e+02
2.650000000000000000e+02
2.010000000000000000e+02
2.700000000000000000e+02
1.550000000000000000e+02
2.760000000000000000e+02
2.020000000000000000e+02
2.130000000000000000e+02
1.510000000000000000e+02
