1.000000000000000000e+02
1.000000000000000000e+02
1.000000000000000000e+02
1.000000000000000000e+02
9.500000000000000000e+01
1.000000000000000000e+02
1.000000000000000000e+02
1.000000000000000000e+02
1.000000000000000000e+02
1.000000000000000000e+02
1.000000000000000000e+02
9.720000000000000284e+01
1.000000000000000000e+02
1.000000000000000000e+02
1.000000000000000000e+02
1.000000000000000000e+02
9.670000000000000284e+01
1.000000000000000000e+02
1.000000000000000000e+02
8.159999999999999432e+01
1.000000000000000000e+02
1.000000000000000000e+02
1.000000000000000000e+02
1.000000000000000000e+02
1.000000000000000000e+02
9.429999999999999716e+01
8.750000000000000000e+01
9.709999999999999432e+01
1.000000000000000000e+02
9.850000000000000000e+01
1.000000000000000000e+02
9.829999999999999716e+01
1.000000000000000000e+02
9.729999999999999716e+01
8.960000000000000853e+01
1.000000000000000000e+02
1.000000000000000000e+02
9.820000000000000284e+01
1.000000000000000000e+02
9.600000000000000000e+01
1.000000000000000000e+02
1.000000000000000000e+02
9.909999999999999432e+01
1.000000000000000000e+02
1.000000000000000000e+02
1.000000000000000000e+02
1.000000000000000000e+02
1.000000000000000000e+02
1.000000000000000000e+02
9.909999999999999432e+01
9.250000000000000000e+01
1.000000000000000000e+02
1.000000000000000000e+02
1.000000000000000000e+02
9.160000000000000853e+01
1.000000000000000000e+02
1.000000000000000000e+02
9.879999999999999716e+01
1.000000000000000000e+02
1.000000000000000000e+02
1.000000000000000000e+02
9.419999999999998863e+01
1.000000000000000000e+02
8.450000000000000000e+01
1.000000000000000000e+02
1.000000000000000000e+02
1.000000000000000000e+02
1.000000000000000000e+02
9.419999999999998863e+01
9.469999999999998863e+01
9.890000000000000568e+01
1.000000000000000000e+02
7.740000000000000568e+01
9.739999999999999147e+01
1.000000000000000000e+02
9.050000000000000000e+01
9.859999999999999432e+01
1.000000000000000000e+02
1.000000000000000000e+02
1.000000000000000000e+02
1.000000000000000000e+02
1.000000000000000000e+02
1.000000000000000000e+02
1.000000000000000000e+02
1.000000000000000000e+02
9.550000000000000000e+01
1.000000000000000000e+02
1.000000000000000000e+02
1.000000000000000000e+02
1.000000000000000000e+02
1.000000000000000000e+02
1.000000000000000000e+02
1.000000000000000000e+02
1.000000000000000000e+02
1.000000000000000000e+02
8.609999999999999432e+01
9.550000000000000000e+01
1.000000000000000000e+02
1.000000000000000000e+02
9.759999999999999432e+01
