9.020000000000000000e+02
4.560000000000000000e+02
2.313000000000000000e+03
6.720000000000000000e+02
4.140000000000000000e+02
5.650000000000000000e+02
7.390000000000000000e+02
7.090000000000000000e+02
2.750000000000000000e+02
4.610000000000000000e+02
5.150000000000000000e+02
7.050000000000000000e+02
4.770000000000000000e+02
5.930000000000000000e+02
1.146000000000000000e+03
2.050000000000000000e+02
0.000000000000000000e+00
2.810000000000000000e+02
2.583000000000000000e+03
2.620000000000000000e+03
7.440000000000000000e+02
1.648000000000000000e+03
1.910000000000000000e+02
1.158000000000000000e+03
7.030000000000000000e+02
1.307000000000000000e+03
3.600000000000000000e+02
5.990000000000000000e+02
5.930000000000000000e+02
6.540000000000000000e+02
4.800000000000000000e+02
3.560000000000000000e+02
7.130000000000000000e+02
8.920000000000000000e+02
5.240000000000000000e+02
2.410000000000000000e+02
8.670000000000000000e+02
2.120000000000000000e+02
5.880000000000000000e+02
2.080000000000000000e+02
2.200000000000000000e+02
0.000000000000000000e+00
1.850000000000000000e+02
9.770000000000000000e+02
8.620000000000000000e+02
5.120000000000000000e+02
6.390000000000000000e+02
2.350000000000000000e+02
9.700000000000000000e+02
6.030000000000000000e+02
1.039000000000000000e+03
2.320000000000000000e+02
4.270000000000000000e+02
4.430000000000000000e+02
0.000000000000000000e+00
8.500000000000000000e+02
4.470000000000000000e+02
4.670000000000000000e+02
6.890000000000000000e+02
2.490000000000000000e+02
8.930000000000000000e+02
8.240000000000000000e+02
1.138000000000000000e+03
1.072000000000000000e+03
2.740000000000000000e+02
2.970000000000000000e+02
3.160000000000000000e+02
3.170000000000000000e+02
5.840000000000000000e+02
5.830000000000000000e+02
0.000000000000000000e+00
9.040000000000000000e+02
1.824000000000000000e+03
9.260000000000000000e+02
6.430000000000000000e+02
2.211000000000000000e+03
9.280000000000000000e+02
3.670000000000000000e+02
2.110000000000000000e+02
2.110000000000000000e+02
4.240000000000000000e+02
8.380000000000000000e+02
1.394000000000000000e+03
8.950000000000000000e+02
4.490000000000000000e+02
5.260000000000000000e+02
2.890000000000000000e+02
6.680000000000000000e+02
1.385000000000000000e+03
2.022000000000000000e+03
6.170000000000000000e+02
1.299000000000000000e+03
1.193000000000000000e+03
9.140000000000000000e+02
5.780000000000000000e+02
0.000000000000000000e+00
9.180000000000000000e+02
8.570000000000000000e+02
8.090000000000000000e+02
5.970000000000000000e+02
