2.254200000000000000e+04
4.204600000000000000e+04
2.179000000000000000e+04
2.257100000000000000e+04
2.928700000000000000e+04
3.211400000000000000e+04
5.753600000000000000e+04
3.528500000000000000e+04
2.504500000000000000e+04
4.074600000000000000e+04
3.712800000000000000e+04
3.446300000000000000e+04
2.005400000000000000e+04
2.428700000000000000e+04
2.049700000000000000e+04
3.009700000000000000e+04
2.676900000000000000e+04
2.798900000000000000e+04
1.199000000000000000e+04
1.529100000000000000e+04
2.989400000000000000e+04
1.957400000000000000e+04
2.488700000000000000e+04
2.656200000000000000e+04
1.227300000000000000e+04
2.365800000000000000e+04
2.892300000000000000e+04
1.936700000000000000e+04
1.715600000000000000e+04
2.983000000000000000e+04
2.518800000000000000e+04
3.132400000000000000e+04
1.577600000000000000e+04
2.702200000000000000e+04
8.985000000000000000e+03
4.028900000000000000e+04
1.915100000000000000e+04
2.164100000000000000e+04
1.561300000000000000e+04
2.306700000000000000e+04
1.956500000000000000e+04
2.216500000000000000e+04
1.788200000000000000e+04
3.222500000000000000e+04
2.493400000000000000e+04
3.596600000000000000e+04
3.166300000000000000e+04
3.364200000000000000e+04
1.360000000000000000e+04
1.487000000000000000e+04
2.131100000000000000e+04
2.175900000000000000e+04
2.116400000000000000e+04
3.958100000000000000e+04
2.707000000000000000e+04
3.053700000000000000e+04
1.869600000000000000e+04
1.957400000000000000e+04
2.921500000000000000e+04
2.117700000000000000e+04
1.894300000000000000e+04
1.574200000000000000e+04
2.225100000000000000e+04
2.487300000000000000e+04
2.060100000000000000e+04
2.016700000000000000e+04
2.701500000000000000e+04
3.600300000000000000e+04
1.551900000000000000e+04
3.520600000000000000e+04
1.531000000000000000e+04
3.003800000000000000e+04
1.941500000000000000e+04
2.008600000000000000e+04
2.974600000000000000e+04
1.378900000000000000e+04
2.522900000000000000e+04
2.342600000000000000e+04
1.355100000000000000e+04
1.708800000000000000e+04
4.793600000000000000e+04
3.193800000000000000e+04
2.128200000000000000e+04
1.227100000000000000e+04
1.371100000000000000e+04
2.157400000000000000e+04
1.743700000000000000e+04
1.125600000000000000e+04
3.067600000000000000e+04
1.642600000000000000e+04
2.726900000000000000e+04
2.061500000000000000e+04
2.625400000000000000e+04
1.814700000000000000e+04
1.105500000000000000e+04
2.599100000000000000e+04
2.512800000000000000e+04
1.835200000000000000e+04
1.789400000000000000e+04
2.150200000000000000e+04
