6.394500000000000000e+04
5.393700000000000000e+04
5.445000000000000000e+04
5.665500000000000000e+04
3.841700000000000000e+04
5.128300000000000000e+04
4.162200000000000000e+04
2.573000000000000000e+04
4.509200000000000000e+04
2.221900000000000000e+04
2.904100000000000000e+04
3.849600000000000000e+04
2.518400000000000000e+04
5.056500000000000000e+04
3.843300000000000000e+04
6.214000000000000000e+04
2.536600000000000000e+04
4.074800000000000000e+04
2.428300000000000000e+04
1.893800000000000000e+04
4.341500000000000000e+04
4.180200000000000000e+04
3.164200000000000000e+04
3.542800000000000000e+04
4.054700000000000000e+04
5.178300000000000000e+04
4.019800000000000000e+04
5.169600000000000000e+04
2.115500000000000000e+04
2.990100000000000000e+04
4.354000000000000000e+04
2.784200000000000000e+04
2.285800000000000000e+04
5.337900000000000000e+04
3.615400000000000000e+04
4.644800000000000000e+04
4.611100000000000000e+04
3.418800000000000000e+04
3.941400000000000000e+04
6.386500000000000000e+04
3.801400000000000000e+04
4.981200000000000000e+04
2.796600000000000000e+04
4.951400000000000000e+04
3.970900000000000000e+04
2.300700000000000000e+04
1.417900000000000000e+04
3.355500000000000000e+04
3.287100000000000000e+04
4.680500000000000000e+04
4.709900000000000000e+04
3.289400000000000000e+04
3.342700000000000000e+04
3.199400000000000000e+04
5.329700000000000000e+04
4.168100000000000000e+04
4.840000000000000000e+04
5.842000000000000000e+04
5.390100000000000000e+04
8.509800000000000000e+04
3.403700000000000000e+04
2.857600000000000000e+04
4.756800000000000000e+04
5.012500000000000000e+04
4.630400000000000000e+04
3.952100000000000000e+04
3.342000000000000000e+04
5.594400000000000000e+04
4.732900000000000000e+04
4.434200000000000000e+04
3.887300000000000000e+04
4.144400000000000000e+04
4.989500000000000000e+04
4.033900000000000000e+04
5.391300000000000000e+04
5.171100000000000000e+04
3.176000000000000000e+04
4.322000000000000000e+04
5.954900000000000000e+04
3.243300000000000000e+04
3.665600000000000000e+04
2.979700000000000000e+04
5.113300000000000000e+04
3.300300000000000000e+04
6.754900000000000000e+04
3.883500000000000000e+04
3.926100000000000000e+04
4.259300000000000000e+04
5.031400000000000000e+04
7.145800000000000000e+04
2.847500000000000000e+04
3.053700000000000000e+04
4.675800000000000000e+04
4.225300000000000000e+04
3.857700000000000000e+04
6.135300000000000000e+04
4.048200000000000000e+04
7.786900000000000000e+04
3.014900000000000000e+04
3.922600000000000000e+04
