2.939500000000000000e+04
1.304000000000000000e+04
2.516200000000000000e+04
2.237200000000000000e+04
1.465100000000000000e+04
2.753000000000000000e+04
3.067300000000000000e+04
2.175400000000000000e+04
2.004700000000000000e+04
4.486100000000000000e+04
2.250400000000000000e+04
1.949100000000000000e+04
1.743100000000000000e+04
1.734100000000000000e+04
2.963600000000000000e+04
2.954600000000000000e+04
6.099000000000000000e+03
1.929700000000000000e+04
2.368700000000000000e+04
2.799700000000000000e+04
3.525300000000000000e+04
1.682300000000000000e+04
1.428400000000000000e+04
2.872000000000000000e+04
1.935800000000000000e+04
3.141000000000000000e+04
1.754700000000000000e+04
3.826900000000000000e+04
2.000700000000000000e+04
1.541400000000000000e+04
2.900600000000000000e+04
2.882600000000000000e+04
3.731100000000000000e+04
2.834600000000000000e+04
1.668000000000000000e+04
2.382100000000000000e+04
2.009100000000000000e+04
2.140000000000000000e+04
1.394800000000000000e+04
2.220900000000000000e+04
1.612100000000000000e+04
2.126400000000000000e+04
1.600500000000000000e+04
1.677300000000000000e+04
1.397200000000000000e+04
1.863200000000000000e+04
3.615000000000000000e+04
1.208600000000000000e+04
1.304000000000000000e+04
1.730300000000000000e+04
1.152000000000000000e+04
1.512800000000000000e+04
2.191300000000000000e+04
1.623000000000000000e+04
1.836600000000000000e+04
1.080200000000000000e+04
3.227600000000000000e+04
3.470900000000000000e+04
3.370600000000000000e+04
3.800400000000000000e+04
2.161900000000000000e+04
2.063600000000000000e+04
2.906700000000000000e+04
2.033300000000000000e+04
2.879300000000000000e+04
2.228400000000000000e+04
3.262000000000000000e+04
2.735400000000000000e+04
2.414000000000000000e+04
1.806200000000000000e+04
1.873700000000000000e+04
2.882500000000000000e+04
1.451400000000000000e+04
5.180500000000000000e+04
2.835700000000000000e+04
2.414100000000000000e+04
1.512000000000000000e+04
2.747100000000000000e+04
2.003400000000000000e+04
3.703500000000000000e+04
3.921800000000000000e+04
1.307200000000000000e+04
2.628400000000000000e+04
1.707900000000000000e+04
1.360000000000000000e+04
1.921400000000000000e+04
1.533100000000000000e+04
2.341400000000000000e+04
2.632900000000000000e+04
2.781100000000000000e+04
2.050800000000000000e+04
2.094300000000000000e+04
3.026400000000000000e+04
1.680700000000000000e+04
2.685000000000000000e+04
1.495900000000000000e+04
2.754300000000000000e+04
1.724400000000000000e+04
1.123000000000000000e+04
3.276700000000000000e+04
