0.000000000000000000e+00
0.000000000000000000e+00
0.000000000000000000e+00
7.101600000000000000e+04
0.000000000000000000e+00
3.120000000000000000e+04
0.000000000000000000e+00
0.000000000000000000e+00
0.000000000000000000e+00
0.000000000000000000e+00
9.708100000000000000e+04
7.664000000000000000e+04
0.000000000000000000e+00
0.000000000000000000e+00
0.000000000000000000e+00
0.000000000000000000e+00
0.000000000000000000e+00
0.000000000000000000e+00
9.621800000000000000e+04
0.000000000000000000e+00
9.895800000000000000e+04
0.000000000000000000e+00
0.000000000000000000e+00
7.888500000000000000e+04
6.046100000000000000e+04
9.031800000000000000e+04
8.958800000000000000e+04
0.000000000000000000e+00
7.586100000000000000e+04
9.165500000000000000e+04
0.000000000000000000e+00
0.000000000000000000e+00
0.000000000000000000e+00
0.000000000000000000e+00
7.364500000000000000e+04
9.455800000000000000e+04
7.152400000000000000e+04
5.231600000000000000e+04
9.418100000000000000e+04
0.000000000000000000e+00
0.000000000000000000e+00
0.000000000000000000e+00
4.439300000000000000e+04
2.662800000000000000e+04
9.998800000000000000e+04
0.000000000000000000e+00
0.000000000000000000e+00
8.238800000000000000e+04
9.424500000000000000e+04
0.000000000000000000e+00
7.628100000000000000e+04
0.000000000000000000e+00
7.865900000000000000e+04
8.851900000000000000e+04
0.000000000000000000e+00
0.000000000000000000e+00
6.011200000000000000e+04
0.000000000000000000e+00
0.000000000000000000e+00
0.000000000000000000e+00
