9.895800000000000000e+04
0.000000000000000000e+00
0.000000000000000000e+00
7.888500000000000000e+04
6.046100000000000000e+04
9.031800000000000000e+04
8.958800000000000000e+04
0.000000000000000000e+00
7.586100000000000000e+04
9.165500000000000000e+04
0.000000000000000000e+00
0.000000000000000000e+00
0.000000000000000000e+00
0.000000000000000000e+00
7.364500000000000000e+04
9.455800000000000000e+04
7.152400000000000000e+04
5.231600000000000000e+04
9.418100000000000000e+04
0.000000000000000000e+00
