0.000000000000000000e+00
0.000000000000000000e+00
4.439300000000000000e+04
2.662800000000000000e+04
9.998800000000000000e+04
0.000000000000000000e+00
0.000000000000000000e+00
8.238800000000000000e+04
9.424500000000000000e+04
0.000000000000000000e+00
7.628100000000000000e+04
0.000000000000000000e+00
7.865900000000000000e+04
8.851900000000000000e+04
0.000000000000000000e+00
0.000000000000000000e+00
6.011200000000000000e+04
0.000000000000000000e+00
0.000000000000000000e+00
0.000000000000000000e+00
