1.216580000000000000e+05
1.486360000000000000e+05
1.229630000000000000e+05
1.815330000000000000e+05
6.982300000000000000e+04
5.382100000000000000e+04
1.301960000000000000e+05
1.826660000000000000e+05
1.196960000000000000e+05
1.775790000000000000e+05
1.392320000000000000e+05
1.031330000000000000e+05
1.184730000000000000e+05
1.792160000000000000e+05
1.006650000000000000e+05
1.754720000000000000e+05
1.851730000000000000e+05
9.630000000000000000e+04
1.062960000000000000e+05
2.073270000000000000e+05
