0.000000000000000000e+00
0.000000000000000000e+00
0.000000000000000000e+00
7.101600000000000000e+04
0.000000000000000000e+00
3.120000000000000000e+04
0.000000000000000000e+00
0.000000000000000000e+00
0.000000000000000000e+00
0.000000000000000000e+00
9.708100000000000000e+04
7.664000000000000000e+04
0.000000000000000000e+00
0.000000000000000000e+00
0.000000000000000000e+00
0.000000000000000000e+00
0.000000000000000000e+00
0.000000000000000000e+00
9.621800000000000000e+04
0.000000000000000000e+00
