3.600000000000000000e+01
3.180000000000000071e+01
2.930000000000000071e+01
3.400000000000000000e+01
3.979999999999999716e+01
3.220000000000000284e+01
3.470000000000000284e+01
2.869999999999999929e+01
3.670000000000000284e+01
3.130000000000000071e+01
3.739999999999999858e+01
4.050000000000000000e+01
3.410000000000000142e+01
3.360000000000000142e+01
3.929999999999999716e+01
3.169999999999999929e+01
3.600000000000000000e+01
3.160000000000000142e+01
3.970000000000000284e+01
3.320000000000000284e+01
