3.160000000000000142e+01
4.079999999999999716e+01
2.819999999999999929e+01
3.710000000000000142e+01
3.850000000000000000e+01
3.289999999999999858e+01
3.510000000000000142e+01
3.089999999999999858e+01
2.800000000000000000e+01
3.289999999999999858e+01
3.950000000000000000e+01
3.420000000000000284e+01
3.229999999999999716e+01
3.130000000000000071e+01
2.989999999999999858e+01
3.150000000000000000e+01
3.329999999999999716e+01
3.289999999999999858e+01
3.439999999999999858e+01
3.160000000000000142e+01
