1.900000000000000000e+01
2.180000000000000071e+01
2.180000000000000071e+01
1.719999999999999929e+01
2.080000000000000071e+01
1.719999999999999929e+01
2.019999999999999929e+01
1.680000000000000071e+01
1.910000000000000142e+01
1.980000000000000071e+01
2.130000000000000071e+01
1.880000000000000071e+01
2.010000000000000142e+01
1.800000000000000000e+01
1.939999999999999858e+01
2.050000000000000000e+01
1.830000000000000071e+01
1.969999999999999929e+01
1.910000000000000142e+01
1.919999999999999929e+01
