1.839999999999999858e+01
1.930000000000000071e+01
2.239999999999999858e+01
1.969999999999999929e+01
1.760000000000000142e+01
1.889999999999999858e+01
1.980000000000000071e+01
2.000000000000000000e+01
2.060000000000000142e+01
2.069999999999999929e+01
2.110000000000000142e+01
2.119999999999999929e+01
2.000000000000000000e+01
1.710000000000000142e+01
1.910000000000000142e+01
2.089999999999999858e+01
2.280000000000000071e+01
1.969999999999999929e+01
1.950000000000000000e+01
1.839999999999999858e+01
