9.640000000000000568e+01
9.520000000000000284e+01
9.550000000000000000e+01
9.290000000000000568e+01
9.550000000000000000e+01
9.500000000000000000e+01
9.609999999999999432e+01
9.270000000000000284e+01
9.559999999999999432e+01
9.500000000000000000e+01
9.600000000000000000e+01
9.559999999999999432e+01
9.500000000000000000e+01
9.409999999999999432e+01
9.529999999999999716e+01
9.550000000000000000e+01
9.570000000000000284e+01
9.490000000000000568e+01
9.529999999999999716e+01
9.520000000000000284e+01
