3.552500000000000000e+04
2.580200000000000000e+04
2.840800000000000000e+04
1.872900000000000000e+04
4.256300000000000000e+04
6.960100000000000000e+04
2.098100000000000000e+04
4.253100000000000000e+04
4.065300000000000000e+04
2.826100000000000000e+04
4.590600000000000000e+04
4.586400000000000000e+04
3.949600000000000000e+04
4.367600000000000000e+04
2.636700000000000000e+04
4.793800000000000000e+04
2.671800000000000000e+04
1.743000000000000000e+04
2.417600000000000000e+04
3.062900000000000000e+04
