3.751000000000000000e+04
1.403700000000000000e+04
1.834300000000000000e+04
2.238700000000000000e+04
2.149000000000000000e+04
3.121200000000000000e+04
2.910100000000000000e+04
2.797000000000000000e+04
3.178300000000000000e+04
2.628600000000000000e+04
3.558200000000000000e+04
4.054200000000000000e+04
2.254900000000000000e+04
1.271500000000000000e+04
2.371900000000000000e+04
2.322400000000000000e+04
3.069500000000000000e+04
3.472900000000000000e+04
2.195200000000000000e+04
2.228800000000000000e+04
1.248900000000000000e+04
2.142200000000000000e+04
3.821300000000000000e+04
3.005800000000000000e+04
1.458700000000000000e+04
3.170100000000000000e+04
2.060600000000000000e+04
3.072000000000000000e+04
1.647800000000000000e+04
4.237300000000000000e+04
2.624000000000000000e+04
3.368000000000000000e+04
1.835100000000000000e+04
2.193700000000000000e+04
2.379800000000000000e+04
4.305500000000000000e+04
3.064600000000000000e+04
1.918000000000000000e+04
3.061300000000000000e+04
3.767200000000000000e+04
