1.480000000000000071e+01
1.450000000000000000e+01
1.250000000000000000e+01
1.559999999999999964e+01
1.590000000000000036e+01
1.500000000000000000e+01
1.419999999999999929e+01
1.319999999999999929e+01
1.519999999999999929e+01
1.760000000000000142e+01
1.669999999999999929e+01
1.330000000000000071e+01
1.590000000000000036e+01
1.789999999999999858e+01
1.480000000000000071e+01
1.960000000000000142e+01
1.660000000000000142e+01
1.400000000000000000e+01
1.550000000000000000e+01
1.230000000000000071e+01
