9.629999999999999716e+01
9.220000000000000284e+01
9.450000000000000000e+01
9.500000000000000000e+01
9.470000000000000284e+01
9.250000000000000000e+01
9.329999999999999716e+01
9.420000000000000284e+01
9.370000000000000284e+01
9.279999999999999716e+01
9.550000000000000000e+01
9.409999999999999432e+01
9.559999999999999432e+01
9.509999999999999432e+01
9.629999999999999716e+01
9.500000000000000000e+01
9.400000000000000000e+01
9.620000000000000284e+01
9.540000000000000568e+01
9.479999999999999716e+01
9.479999999999999716e+01
9.429999999999999716e+01
9.500000000000000000e+01
9.570000000000000284e+01
9.470000000000000284e+01
9.479999999999999716e+01
9.409999999999999432e+01
9.559999999999999432e+01
9.270000000000000284e+01
9.370000000000000284e+01
9.540000000000000568e+01
9.200000000000000000e+01
9.570000000000000284e+01
9.229999999999999716e+01
9.420000000000000284e+01
9.370000000000000284e+01
9.509999999999999432e+01
9.440000000000000568e+01
9.540000000000000568e+01
9.590000000000000568e+01
