9.990000000000000568e+01
9.809999999999999432e+01
9.990000000000000568e+01
9.820000000000000284e+01
9.790000000000000568e+01
9.700000000000000000e+01
1.000000000000000000e+02
9.679999999999999716e+01
9.550000000000000000e+01
9.240000000000000568e+01
9.970000000000000284e+01
9.870000000000000284e+01
9.820000000000000284e+01
9.809999999999999432e+01
9.870000000000000284e+01
9.870000000000000284e+01
9.870000000000000284e+01
9.990000000000000568e+01
9.859999999999999432e+01
9.800000000000000000e+01
