1.240000000000000036e+01
1.409999999999999964e+01
1.390000000000000036e+01
1.590000000000000036e+01
1.430000000000000071e+01
1.259999999999999964e+01
1.780000000000000071e+01
1.190000000000000036e+01
1.380000000000000071e+01
1.369999999999999929e+01
1.509999999999999964e+01
1.150000000000000000e+01
1.719999999999999929e+01
1.280000000000000071e+01
1.469999999999999929e+01
1.540000000000000036e+01
1.500000000000000000e+01
1.509999999999999964e+01
1.359999999999999964e+01
1.330000000000000071e+01
1.269999999999999929e+01
1.619999999999999929e+01
1.880000000000000071e+01
1.419999999999999929e+01
1.309999999999999964e+01
1.180000000000000071e+01
1.419999999999999929e+01
1.910000000000000142e+01
1.459999999999999964e+01
1.290000000000000036e+01
1.459999999999999964e+01
1.100000000000000000e+01
1.660000000000000142e+01
1.219999999999999929e+01
1.580000000000000071e+01
1.319999999999999929e+01
1.180000000000000071e+01
1.259999999999999964e+01
1.240000000000000036e+01
1.400000000000000000e+01
