9.550000000000000000e+01
9.320000000000000284e+01
9.479999999999999716e+01
9.340000000000000568e+01
9.300000000000000000e+01
9.170000000000000284e+01
9.379999999999999716e+01
9.220000000000000284e+01
8.970000000000000284e+01
8.909999999999999432e+01
9.559999999999999432e+01
9.450000000000000000e+01
9.359999999999999432e+01
9.350000000000000000e+01
9.470000000000000284e+01
9.440000000000000568e+01
9.459999999999999432e+01
9.579999999999999716e+01
9.329999999999999716e+01
9.290000000000000568e+01
