2.230000000000000071e+01
2.039999999999999858e+01
2.060000000000000142e+01
2.110000000000000142e+01
2.030000000000000071e+01
2.250000000000000000e+01
1.969999999999999929e+01
2.110000000000000142e+01
2.060000000000000142e+01
2.230000000000000071e+01
2.000000000000000000e+01
2.089999999999999858e+01
1.889999999999999858e+01
2.130000000000000071e+01
2.369999999999999929e+01
2.269999999999999929e+01
2.410000000000000142e+01
2.019999999999999929e+01
2.269999999999999929e+01
2.400000000000000000e+01
