9.309999999999999432e+01
9.359999999999999432e+01
9.550000000000000000e+01
9.459999999999999432e+01
9.450000000000000000e+01
8.790000000000000568e+01
9.420000000000000284e+01
9.320000000000000284e+01
9.490000000000000568e+01
9.570000000000000284e+01
8.800000000000000000e+01
9.150000000000000000e+01
9.509999999999999432e+01
9.359999999999999432e+01
9.500000000000000000e+01
9.529999999999999716e+01
9.259999999999999432e+01
9.129999999999999716e+01
8.979999999999999716e+01
9.340000000000000568e+01
