2.030000000000000071e+01
1.980000000000000071e+01
2.330000000000000071e+01
2.230000000000000071e+01
1.989999999999999858e+01
2.230000000000000071e+01
2.180000000000000071e+01
1.900000000000000000e+01
2.019999999999999929e+01
2.300000000000000000e+01
1.910000000000000142e+01
1.960000000000000142e+01
2.119999999999999929e+01
2.089999999999999858e+01
1.869999999999999929e+01
2.319999999999999929e+01
1.880000000000000071e+01
2.230000000000000071e+01
2.210000000000000142e+01
2.169999999999999929e+01
