9.790000000000000568e+01
9.850000000000000000e+01
9.829999999999999716e+01
9.750000000000000000e+01
9.700000000000000000e+01
9.740000000000000568e+01
9.809999999999999432e+01
9.859999999999999432e+01
9.759999999999999432e+01
9.550000000000000000e+01
9.640000000000000568e+01
9.700000000000000000e+01
9.709999999999999432e+01
9.770000000000000284e+01
9.679999999999999716e+01
9.779999999999999716e+01
9.270000000000000284e+01
9.720000000000000284e+01
9.820000000000000284e+01
9.829999999999999716e+01
