9.800000000000000000e+01
9.700000000000000000e+01
9.759999999999999432e+01
9.700000000000000000e+01
9.840000000000000568e+01
9.100000000000000000e+01
9.609999999999999432e+01
9.679999999999999716e+01
9.840000000000000568e+01
9.800000000000000000e+01
9.240000000000000568e+01
9.779999999999999716e+01
9.700000000000000000e+01
9.779999999999999716e+01
9.800000000000000000e+01
9.859999999999999432e+01
9.820000000000000284e+01
9.790000000000000568e+01
9.779999999999999716e+01
9.729999999999999716e+01
