9.679999999999999716e+01
9.709999999999999432e+01
9.909999999999999432e+01
9.800000000000000000e+01
9.840000000000000568e+01
9.170000000000000284e+01
9.709999999999999432e+01
9.659999999999999432e+01
9.890000000000000568e+01
9.829999999999999716e+01
9.200000000000000000e+01
9.659999999999999432e+01
9.770000000000000284e+01
9.679999999999999716e+01
9.859999999999999432e+01
9.900000000000000000e+01
9.659999999999999432e+01
9.490000000000000568e+01
9.329999999999999716e+01
9.640000000000000568e+01
