5.484900000000000000e+04
2.987400000000000000e+04
3.635500000000000000e+04
3.977400000000000000e+04
3.627700000000000000e+04
3.805400000000000000e+04
4.897300000000000000e+04
1.823300000000000000e+04
4.271500000000000000e+04
2.886100000000000000e+04
3.951700000000000000e+04
4.653300000000000000e+04
3.645800000000000000e+04
4.741400000000000000e+04
6.119000000000000000e+04
2.301000000000000000e+04
4.152500000000000000e+04
6.636200000000000000e+04
4.259900000000000000e+04
4.466600000000000000e+04
