2.230200000000000000e+04
1.934600000000000000e+04
1.623700000000000000e+04
1.553900000000000000e+04
3.361500000000000000e+04
1.618700000000000000e+04
3.745500000000000000e+04
2.623700000000000000e+04
3.518900000000000000e+04
2.994400000000000000e+04
1.169100000000000000e+04
3.109100000000000000e+04
3.235700000000000000e+04
3.175000000000000000e+04
2.461300000000000000e+04
3.381700000000000000e+04
1.601400000000000000e+04
3.670400000000000000e+04
2.547800000000000000e+04
2.437200000000000000e+04
