2.965000000000000000e+04
3.279200000000000000e+04
1.795600000000000000e+04
3.828600000000000000e+04
2.953000000000000000e+04
4.779600000000000000e+04
2.833900000000000000e+04
2.181300000000000000e+04
3.739600000000000000e+04
2.295600000000000000e+04
1.690900000000000000e+04
2.996900000000000000e+04
3.552900000000000000e+04
1.255700000000000000e+04
1.893600000000000000e+04
2.349300000000000000e+04
2.808100000000000000e+04
4.019800000000000000e+04
3.995300000000000000e+04
2.107700000000000000e+04
