3.769200000000000000e+04
2.740800000000000000e+04
2.501000000000000000e+04
0.000000000000000000e+00
2.944500000000000000e+04
2.199300000000000000e+04
4.997200000000000000e+04
2.712700000000000000e+04
4.659800000000000000e+04
4.425500000000000000e+04
2.192400000000000000e+04
7.038300000000000000e+04
3.509300000000000000e+04
2.812100000000000000e+04
4.358400000000000000e+04
3.731000000000000000e+04
5.850000000000000000e+04
7.126900000000000000e+04
4.011500000000000000e+04
3.241900000000000000e+04
