5.064000000000000000e+04
9.077000000000000000e+03
3.441900000000000000e+04
2.498500000000000000e+04
2.470700000000000000e+04
4.099900000000000000e+04
2.311500000000000000e+04
2.125200000000000000e+04
3.492400000000000000e+04
3.946400000000000000e+04
5.902000000000000000e+04
2.819000000000000000e+04
4.733400000000000000e+04
4.227200000000000000e+04
2.051700000000000000e+04
2.305900000000000000e+04
3.042200000000000000e+04
2.635500000000000000e+04
2.530300000000000000e+04
1.622900000000000000e+04
