2.964100000000000000e+04
2.121600000000000000e+04
2.169300000000000000e+04
9.047600000000000000e+04
2.042600000000000000e+04
2.348900000000000000e+04
4.415400000000000000e+04
4.757400000000000000e+04
1.820100000000000000e+04
3.489800000000000000e+04
4.832500000000000000e+04
4.520100000000000000e+04
3.646200000000000000e+04
3.545300000000000000e+04
3.129100000000000000e+04
3.127700000000000000e+04
3.549300000000000000e+04
3.648600000000000000e+04
3.803000000000000000e+04
2.877500000000000000e+04
