3.819700000000000000e+04
2.057300000000000000e+04
2.448700000000000000e+04
3.949700000000000000e+04
3.422500000000000000e+04
3.265100000000000000e+04
3.123200000000000000e+04
3.893200000000000000e+04
2.408100000000000000e+04
2.841200000000000000e+04
3.497200000000000000e+04
1.467600000000000000e+04
3.741000000000000000e+04
4.675300000000000000e+04
2.589600000000000000e+04
2.984900000000000000e+04
2.623400000000000000e+04
2.689000000000000000e+04
2.347600000000000000e+04
2.060200000000000000e+04
