1.677300000000000000e+04
1.004100000000000000e+05
4.962900000000000000e+04
5.775300000000000000e+04
7.974400000000000000e+04
2.065900000000000000e+04
3.866300000000000000e+04
4.739000000000000000e+04
2.251800000000000000e+04
4.343400000000000000e+04
3.974400000000000000e+04
3.734600000000000000e+04
2.339500000000000000e+04
6.340800000000000000e+04
5.241700000000000000e+04
3.392000000000000000e+04
5.598200000000000000e+04
5.079100000000000000e+04
4.059800000000000000e+04
6.757500000000000000e+04
