4.957000000000000000e+04
2.657800000000000000e+04
2.944900000000000000e+04
3.018400000000000000e+04
1.782600000000000000e+04
6.606700000000000000e+04
2.607500000000000000e+04
1.278900000000000000e+04
4.179400000000000000e+04
2.464500000000000000e+04
2.667800000000000000e+04
3.161300000000000000e+04
1.387400000000000000e+04
2.222500000000000000e+04
1.948400000000000000e+04
2.155300000000000000e+04
6.173700000000000000e+04
1.697700000000000000e+04
2.906700000000000000e+04
3.382300000000000000e+04
