2.399700000000000000e+04
4.069600000000000000e+04
1.988400000000000000e+04
2.151300000000000000e+04
1.645700000000000000e+04
3.035100000000000000e+04
5.486200000000000000e+04
3.755200000000000000e+04
2.076300000000000000e+04
3.339500000000000000e+04
5.925300000000000000e+04
2.667000000000000000e+04
3.052300000000000000e+04
3.026800000000000000e+04
2.170200000000000000e+04
5.114500000000000000e+04
3.893800000000000000e+04
2.892500000000000000e+04
2.791900000000000000e+04
0.000000000000000000e+00
