4.040000000000000000e+04
4.095400000000000000e+04
3.301500000000000000e+04
2.662900000000000000e+04
2.002700000000000000e+04
7.257800000000000000e+04
2.904900000000000000e+04
2.194200000000000000e+04
2.039800000000000000e+04
2.088800000000000000e+04
3.169000000000000000e+04
5.483900000000000000e+04
4.766900000000000000e+04
4.461800000000000000e+04
4.337900000000000000e+04
3.923800000000000000e+04
4.032300000000000000e+04
5.552800000000000000e+04
3.692800000000000000e+04
2.481900000000000000e+04
