3.841700000000000000e+04
3.669000000000000000e+04
4.027200000000000000e+04
2.729600000000000000e+04
3.986900000000000000e+04
2.511800000000000000e+04
3.113500000000000000e+04
2.193400000000000000e+04
2.833500000000000000e+04
3.467100000000000000e+04
3.448300000000000000e+04
5.818700000000000000e+04
2.547900000000000000e+04
3.868400000000000000e+04
2.856100000000000000e+04
2.845700000000000000e+04
2.178300000000000000e+04
4.256400000000000000e+04
3.313800000000000000e+04
3.314500000000000000e+04
