0.000000000000000000e+00
0.000000000000000000e+00
0.000000000000000000e+00
5.400000000000000000e+04
0.000000000000000000e+00
9.592900000000000000e+04
7.473400000000000000e+04
6.649000000000000000e+04
0.000000000000000000e+00
0.000000000000000000e+00
0.000000000000000000e+00
0.000000000000000000e+00
7.933400000000000000e+04
0.000000000000000000e+00
0.000000000000000000e+00
0.000000000000000000e+00
2.672900000000000000e+04
9.742300000000000000e+04
0.000000000000000000e+00
0.000000000000000000e+00
0.000000000000000000e+00
0.000000000000000000e+00
0.000000000000000000e+00
7.189600000000000000e+04
0.000000000000000000e+00
6.419100000000000000e+04
0.000000000000000000e+00
4.920300000000000000e+04
2.780400000000000000e+04
9.579300000000000000e+04
0.000000000000000000e+00
0.000000000000000000e+00
0.000000000000000000e+00
0.000000000000000000e+00
0.000000000000000000e+00
0.000000000000000000e+00
0.000000000000000000e+00
5.055200000000000000e+04
0.000000000000000000e+00
0.000000000000000000e+00
0.000000000000000000e+00
0.000000000000000000e+00
0.000000000000000000e+00
9.435200000000000000e+04
7.031900000000000000e+04
0.000000000000000000e+00
0.000000000000000000e+00
6.708100000000000000e+04
0.000000000000000000e+00
0.000000000000000000e+00
0.000000000000000000e+00
0.000000000000000000e+00
5.737200000000000000e+04
0.000000000000000000e+00
0.000000000000000000e+00
0.000000000000000000e+00
0.000000000000000000e+00
0.000000000000000000e+00
0.000000000000000000e+00
0.000000000000000000e+00
