3.877200000000000000e+04
3.529600000000000000e+04
5.743300000000000000e+04
2.210200000000000000e+04
5.648900000000000000e+04
2.866100000000000000e+04
4.667800000000000000e+04
6.020700000000000000e+04
4.589000000000000000e+04
3.872900000000000000e+04
5.168000000000000000e+04
4.366300000000000000e+04
2.851600000000000000e+04
9.373900000000000000e+04
5.144300000000000000e+04
5.211800000000000000e+04
3.295300000000000000e+04
4.150300000000000000e+04
9.472600000000000000e+04
2.762500000000000000e+04
