2.445900000000000000e+04
4.203000000000000000e+04
3.668500000000000000e+04
3.482800000000000000e+04
3.039400000000000000e+04
2.186700000000000000e+04
2.921600000000000000e+04
2.053500000000000000e+04
2.287700000000000000e+04
2.193000000000000000e+04
3.891200000000000000e+04
3.593000000000000000e+04
2.457700000000000000e+04
2.058500000000000000e+04
3.922800000000000000e+04
2.891300000000000000e+04
3.286700000000000000e+04
2.819000000000000000e+04
2.448200000000000000e+04
2.336400000000000000e+04
