2.075000000000000000e+04
1.866800000000000000e+04
3.799800000000000000e+04
3.470700000000000000e+04
3.563400000000000000e+04
2.229300000000000000e+04
1.965300000000000000e+04
2.497900000000000000e+04
2.204600000000000000e+04
2.218500000000000000e+04
4.529400000000000000e+04
2.004400000000000000e+04
2.537400000000000000e+04
3.192500000000000000e+04
2.756200000000000000e+04
2.329900000000000000e+04
2.184000000000000000e+04
1.941000000000000000e+04
4.768200000000000000e+04
3.007800000000000000e+04
