3.891800000000000000e+04
2.308900000000000000e+04
2.105500000000000000e+04
3.028800000000000000e+04
2.236500000000000000e+04
5.429000000000000000e+04
2.271500000000000000e+04
5.507800000000000000e+04
4.255900000000000000e+04
3.388600000000000000e+04
6.984400000000000000e+04
3.694000000000000000e+04
2.049900000000000000e+04
3.359000000000000000e+04
3.209400000000000000e+04
6.103800000000000000e+04
2.597500000000000000e+04
2.536400000000000000e+04
3.214900000000000000e+04
3.131900000000000000e+04
