1.780900000000000000e+04
3.196700000000000000e+04
2.370800000000000000e+04
2.274400000000000000e+04
4.154500000000000000e+04
2.850300000000000000e+04
2.653700000000000000e+04
2.281300000000000000e+04
3.243700000000000000e+04
2.323900000000000000e+04
2.821800000000000000e+04
2.098900000000000000e+04
2.233900000000000000e+04
1.173900000000000000e+04
2.589300000000000000e+04
2.876500000000000000e+04
4.579100000000000000e+04
3.954900000000000000e+04
2.611200000000000000e+04
4.168600000000000000e+04
