2.770800000000000000e+04
2.047500000000000000e+04
2.593400000000000000e+04
2.958600000000000000e+04
3.597100000000000000e+04
2.262400000000000000e+04
2.076100000000000000e+04
3.899700000000000000e+04
3.369200000000000000e+04
2.158900000000000000e+04
2.363300000000000000e+04
4.429500000000000000e+04
4.052600000000000000e+04
3.750000000000000000e+04
4.001700000000000000e+04
4.913800000000000000e+04
1.044200000000000000e+04
2.420500000000000000e+04
2.439700000000000000e+04
2.574100000000000000e+04
