9.409999999999999432e+01
9.429999999999999716e+01
9.570000000000000284e+01
9.600000000000000000e+01
9.459999999999999432e+01
9.409999999999999432e+01
9.500000000000000000e+01
9.250000000000000000e+01
8.720000000000000284e+01
8.940000000000000568e+01
9.459999999999999432e+01
9.500000000000000000e+01
9.550000000000000000e+01
9.290000000000000568e+01
9.340000000000000568e+01
9.200000000000000000e+01
9.420000000000000284e+01
9.490000000000000568e+01
9.629999999999999716e+01
9.479999999999999716e+01
