9.409999999999999432e+01
9.859999999999999432e+01
9.879999999999999716e+01
9.570000000000000284e+01
9.850000000000000000e+01
9.729999999999999716e+01
9.740000000000000568e+01
9.770000000000000284e+01
9.670000000000000284e+01
9.820000000000000284e+01
9.490000000000000568e+01
9.829999999999999716e+01
9.859999999999999432e+01
9.650000000000000000e+01
9.920000000000000284e+01
9.779999999999999716e+01
9.870000000000000284e+01
9.809999999999999432e+01
9.829999999999999716e+01
9.659999999999999432e+01
