9.729999999999999716e+01
9.609999999999999432e+01
9.550000000000000000e+01
9.670000000000000284e+01
9.579999999999999716e+01
9.750000000000000000e+01
9.490000000000000568e+01
9.790000000000000568e+01
9.820000000000000284e+01
9.840000000000000568e+01
9.609999999999999432e+01
9.729999999999999716e+01
9.679999999999999716e+01
9.850000000000000000e+01
9.909999999999999432e+01
9.909999999999999432e+01
9.009999999999999432e+01
7.659999999999999432e+01
9.820000000000000284e+01
9.820000000000000284e+01
