9.929999999999999716e+01
9.279999999999999716e+01
9.640000000000000568e+01
9.309999999999999432e+01
9.859999999999999432e+01
9.590000000000000568e+01
9.770000000000000284e+01
9.790000000000000568e+01
9.709999999999999432e+01
9.629999999999999716e+01
9.920000000000000284e+01
9.920000000000000284e+01
9.920000000000000284e+01
9.950000000000000000e+01
9.620000000000000284e+01
9.909999999999999432e+01
9.800000000000000000e+01
9.900000000000000000e+01
9.979999999999999716e+01
9.359999999999999432e+01
