9.540000000000000568e+01
9.700000000000000000e+01
9.709999999999999432e+01
9.459999999999999432e+01
9.479999999999999716e+01
9.029999999999999716e+01
9.590000000000000568e+01
9.259999999999999432e+01
9.620000000000000284e+01
9.529999999999999716e+01
9.450000000000000000e+01
9.420000000000000284e+01
9.509999999999999432e+01
9.679999999999999716e+01
9.500000000000000000e+01
9.529999999999999716e+01
9.620000000000000284e+01
9.509999999999999432e+01
9.659999999999999432e+01
9.570000000000000284e+01
