9.129999999999999716e+01
9.409999999999999432e+01
9.509999999999999432e+01
9.459999999999999432e+01
9.000000000000000000e+01
9.500000000000000000e+01
9.479999999999999716e+01
9.429999999999999716e+01
9.609999999999999432e+01
9.479999999999999716e+01
9.609999999999999432e+01
9.450000000000000000e+01
9.109999999999999432e+01
9.650000000000000000e+01
9.600000000000000000e+01
9.300000000000000000e+01
9.620000000000000284e+01
9.490000000000000568e+01
9.540000000000000568e+01
9.590000000000000568e+01
