9.570000000000000284e+01
8.879999999999999716e+01
9.240000000000000568e+01
9.020000000000000284e+01
9.450000000000000000e+01
9.179999999999999716e+01
9.320000000000000284e+01
9.340000000000000568e+01
9.409999999999999432e+01
9.200000000000000000e+01
9.509999999999999432e+01
9.570000000000000284e+01
9.540000000000000568e+01
9.679999999999999716e+01
9.309999999999999432e+01
9.529999999999999716e+01
9.440000000000000568e+01
9.459999999999999432e+01
9.470000000000000284e+01
9.079999999999999716e+01
