9.100000000000000000e+01
9.479999999999999716e+01
9.590000000000000568e+01
9.200000000000000000e+01
9.540000000000000568e+01
9.359999999999999432e+01
9.340000000000000568e+01
9.409999999999999432e+01
9.329999999999999716e+01
9.429999999999999716e+01
9.050000000000000000e+01
9.400000000000000000e+01
9.490000000000000568e+01
9.300000000000000000e+01
9.659999999999999432e+01
9.300000000000000000e+01
9.450000000000000000e+01
9.490000000000000568e+01
9.470000000000000284e+01
9.209999999999999432e+01
