9.009999999999999432e+01
9.329999999999999716e+01
9.300000000000000000e+01
9.190000000000000568e+01
9.590000000000000568e+01
9.370000000000000284e+01
9.300000000000000000e+01
9.559999999999999432e+01
9.109999999999999432e+01
9.500000000000000000e+01
9.179999999999999716e+01
9.470000000000000284e+01
9.200000000000000000e+01
9.340000000000000568e+01
9.440000000000000568e+01
9.300000000000000000e+01
9.320000000000000284e+01
9.459999999999999432e+01
9.520000000000000284e+01
9.459999999999999432e+01
