9.259999999999999432e+01
9.190000000000000568e+01
9.450000000000000000e+01
9.190000000000000568e+01
9.400000000000000000e+01
9.420000000000000284e+01
8.900000000000000000e+01
9.500000000000000000e+01
9.279999999999999716e+01
9.300000000000000000e+01
9.450000000000000000e+01
9.250000000000000000e+01
8.950000000000000000e+01
9.520000000000000284e+01
9.440000000000000568e+01
9.540000000000000568e+01
9.150000000000000000e+01
9.550000000000000000e+01
9.179999999999999716e+01
9.279999999999999716e+01
