9.850000000000000000e+01
9.479999999999999716e+01
9.650000000000000000e+01
9.740000000000000568e+01
9.890000000000000568e+01
8.679999999999999716e+01
9.870000000000000284e+01
9.670000000000000284e+01
9.809999999999999432e+01
9.790000000000000568e+01
9.550000000000000000e+01
9.509999999999999432e+01
9.729999999999999716e+01
9.800000000000000000e+01
9.290000000000000568e+01
9.890000000000000568e+01
9.820000000000000284e+01
9.570000000000000284e+01
9.750000000000000000e+01
9.759999999999999432e+01
