9.179999999999999716e+01
8.959999999999999432e+01
8.940000000000000568e+01
9.350000000000000000e+01
9.040000000000000568e+01
9.509999999999999432e+01
9.250000000000000000e+01
9.220000000000000284e+01
8.979999999999999716e+01
8.879999999999999716e+01
9.340000000000000568e+01
8.640000000000000568e+01
9.390000000000000568e+01
9.270000000000000284e+01
9.329999999999999716e+01
9.340000000000000568e+01
9.150000000000000000e+01
9.350000000000000000e+01
9.520000000000000284e+01
9.390000000000000568e+01
