9.350000000000000000e+01
9.150000000000000000e+01
9.240000000000000568e+01
9.300000000000000000e+01
9.479999999999999716e+01
8.290000000000000568e+01
9.509999999999999432e+01
9.070000000000000284e+01
9.379999999999999716e+01
9.470000000000000284e+01
9.159999999999999432e+01
8.950000000000000000e+01
9.259999999999999432e+01
9.340000000000000568e+01
8.909999999999999432e+01
9.420000000000000284e+01
9.379999999999999716e+01
8.950000000000000000e+01
9.390000000000000568e+01
9.290000000000000568e+01
