9.509999999999999432e+01
9.600000000000000000e+01
9.559999999999999432e+01
9.490000000000000568e+01
9.479999999999999716e+01
9.440000000000000568e+01
9.479999999999999716e+01
9.550000000000000000e+01
9.479999999999999716e+01
9.450000000000000000e+01
9.529999999999999716e+01
9.250000000000000000e+01
9.509999999999999432e+01
9.529999999999999716e+01
9.370000000000000284e+01
9.640000000000000568e+01
9.459999999999999432e+01
9.479999999999999716e+01
9.229999999999999716e+01
9.459999999999999432e+01
