9.909999999999999432e+01
9.950000000000000000e+01
9.950000000000000000e+01
9.790000000000000568e+01
9.920000000000000284e+01
9.759999999999999432e+01
9.940000000000000568e+01
9.979999999999999716e+01
9.859999999999999432e+01
9.909999999999999432e+01
9.959999999999999432e+01
9.800000000000000000e+01
9.909999999999999432e+01
9.929999999999999716e+01
9.759999999999999432e+01
9.959999999999999432e+01
9.859999999999999432e+01
9.959999999999999432e+01
9.590000000000000568e+01
9.820000000000000284e+01
