9.909999999999999432e+01
9.859999999999999432e+01
9.920000000000000284e+01
9.950000000000000000e+01
9.850000000000000000e+01
9.740000000000000568e+01
9.920000000000000284e+01
9.709999999999999432e+01
9.100000000000000000e+01
9.300000000000000000e+01
9.859999999999999432e+01
9.859999999999999432e+01
9.890000000000000568e+01
9.740000000000000568e+01
9.790000000000000568e+01
9.570000000000000284e+01
9.800000000000000000e+01
9.870000000000000284e+01
9.929999999999999716e+01
9.870000000000000284e+01
