9.720000000000000284e+01
9.720000000000000284e+01
9.850000000000000000e+01
9.770000000000000284e+01
9.790000000000000568e+01
9.809999999999999432e+01
9.150000000000000000e+01
9.820000000000000284e+01
9.670000000000000284e+01
9.700000000000000000e+01
9.859999999999999432e+01
9.650000000000000000e+01
9.440000000000000568e+01
9.879999999999999716e+01
9.909999999999999432e+01
9.840000000000000568e+01
9.640000000000000568e+01
9.920000000000000284e+01
9.759999999999999432e+01
9.629999999999999716e+01
