9.540000000000000568e+01
9.840000000000000568e+01
9.790000000000000568e+01
9.609999999999999432e+01
9.940000000000000568e+01
9.790000000000000568e+01
9.829999999999999716e+01
9.900000000000000000e+01
9.550000000000000000e+01
9.940000000000000568e+01
9.600000000000000000e+01
9.879999999999999716e+01
9.629999999999999716e+01
9.779999999999999716e+01
9.809999999999999432e+01
9.740000000000000568e+01
9.770000000000000284e+01
9.950000000000000000e+01
9.900000000000000000e+01
9.840000000000000568e+01
