9.750000000000000000e+01
9.270000000000000284e+01
9.420000000000000284e+01
9.840000000000000568e+01
9.500000000000000000e+01
9.829999999999999716e+01
9.609999999999999432e+01
9.640000000000000568e+01
9.400000000000000000e+01
9.329999999999999716e+01
9.800000000000000000e+01
9.059999999999999432e+01
9.840000000000000568e+01
9.650000000000000000e+01
9.850000000000000000e+01
9.600000000000000000e+01
9.520000000000000284e+01
9.959999999999999432e+01
9.859999999999999432e+01
9.740000000000000568e+01
