9.290000000000000568e+01
9.250000000000000000e+01
9.079999999999999716e+01
9.259999999999999432e+01
9.250000000000000000e+01
9.420000000000000284e+01
9.109999999999999432e+01
9.220000000000000284e+01
9.400000000000000000e+01
9.500000000000000000e+01
9.309999999999999432e+01
9.129999999999999716e+01
9.150000000000000000e+01
9.250000000000000000e+01
9.290000000000000568e+01
9.509999999999999432e+01
8.700000000000000000e+01
7.400000000000000000e+01
9.459999999999999432e+01
9.200000000000000000e+01
