3.570400000000000000e+04
6.109900000000000000e+04
3.341600000000000000e+04
3.578800000000000000e+04
4.239400000000000000e+04
3.353300000000000000e+04
2.909300000000000000e+04
3.691200000000000000e+04
1.730600000000000000e+04
2.258300000000000000e+04
2.678600000000000000e+04
2.137000000000000000e+04
3.326700000000000000e+04
4.407500000000000000e+04
4.150400000000000000e+04
3.546100000000000000e+04
4.544100000000000000e+04
3.299100000000000000e+04
7.184600000000000000e+04
6.486700000000000000e+04
