2.940000000000000000e+02
2.890000000000000000e+02
3.200000000000000000e+02
4.870000000000000000e+02
6.290000000000000000e+02
2.840000000000000000e+02
3.280000000000000000e+02
2.540000000000000000e+02
3.800000000000000000e+02
4.220000000000000000e+02
5.910000000000000000e+02
3.820000000000000000e+02
4.570000000000000000e+02
3.870000000000000000e+02
4.130000000000000000e+02
2.730000000000000000e+02
3.210000000000000000e+02
4.270000000000000000e+02
4.400000000000000000e+02
4.070000000000000000e+02
3.320000000000000000e+02
2.880000000000000000e+02
2.360000000000000000e+02
4.950000000000000000e+02
4.410000000000000000e+02
4.010000000000000000e+02
2.850000000000000000e+02
3.960000000000000000e+02
2.830000000000000000e+02
2.870000000000000000e+02
2.690000000000000000e+02
4.000000000000000000e+02
2.890000000000000000e+02
4.520000000000000000e+02
2.330000000000000000e+02
4.710000000000000000e+02
3.760000000000000000e+02
3.170000000000000000e+02
4.330000000000000000e+02
3.140000000000000000e+02
6.340000000000000000e+02
4.260000000000000000e+02
4.870000000000000000e+02
3.730000000000000000e+02
2.600000000000000000e+02
5.050000000000000000e+02
2.820000000000000000e+02
2.830000000000000000e+02
3.830000000000000000e+02
2.310000000000000000e+02
3.220000000000000000e+02
2.640000000000000000e+02
5.190000000000000000e+02
4.280000000000000000e+02
4.210000000000000000e+02
5.240000000000000000e+02
5.420000000000000000e+02
3.760000000000000000e+02
2.890000000000000000e+02
3.960000000000000000e+02
3.250000000000000000e+02
3.360000000000000000e+02
2.860000000000000000e+02
3.730000000000000000e+02
3.820000000000000000e+02
5.460000000000000000e+02
2.270000000000000000e+02
3.480000000000000000e+02
2.530000000000000000e+02
2.970000000000000000e+02
2.940000000000000000e+02
3.660000000000000000e+02
4.620000000000000000e+02
5.820000000000000000e+02
3.820000000000000000e+02
4.700000000000000000e+02
5.390000000000000000e+02
7.130000000000000000e+02
4.720000000000000000e+02
2.560000000000000000e+02
3.700000000000000000e+02
4.760000000000000000e+02
4.240000000000000000e+02
3.830000000000000000e+02
2.910000000000000000e+02
3.930000000000000000e+02
3.990000000000000000e+02
3.430000000000000000e+02
3.050000000000000000e+02
3.080000000000000000e+02
3.450000000000000000e+02
4.830000000000000000e+02
2.580000000000000000e+02
3.150000000000000000e+02
2.970000000000000000e+02
3.910000000000000000e+02
2.920000000000000000e+02
2.730000000000000000e+02
4.580000000000000000e+02
3.780000000000000000e+02
