3.600000000000000000e+02
3.390000000000000000e+02
4.150000000000000000e+02
3.340000000000000000e+02
4.630000000000000000e+02
2.810000000000000000e+02
7.290000000000000000e+02
5.100000000000000000e+02
6.440000000000000000e+02
3.380000000000000000e+02
5.680000000000000000e+02
3.830000000000000000e+02
3.380000000000000000e+02
2.500000000000000000e+02
3.590000000000000000e+02
4.750000000000000000e+02
3.170000000000000000e+02
4.330000000000000000e+02
3.810000000000000000e+02
3.400000000000000000e+02
2.850000000000000000e+02
2.570000000000000000e+02
3.540000000000000000e+02
3.230000000000000000e+02
4.150000000000000000e+02
4.320000000000000000e+02
5.240000000000000000e+02
2.990000000000000000e+02
3.940000000000000000e+02
4.950000000000000000e+02
3.990000000000000000e+02
6.130000000000000000e+02
2.330000000000000000e+02
3.670000000000000000e+02
3.890000000000000000e+02
2.660000000000000000e+02
5.190000000000000000e+02
4.350000000000000000e+02
3.450000000000000000e+02
2.590000000000000000e+02
5.120000000000000000e+02
5.030000000000000000e+02
3.640000000000000000e+02
3.340000000000000000e+02
3.440000000000000000e+02
3.550000000000000000e+02
2.980000000000000000e+02
3.320000000000000000e+02
3.290000000000000000e+02
2.570000000000000000e+02
5.440000000000000000e+02
4.440000000000000000e+02
4.920000000000000000e+02
2.890000000000000000e+02
3.050000000000000000e+02
2.440000000000000000e+02
4.240000000000000000e+02
4.150000000000000000e+02
3.720000000000000000e+02
6.060000000000000000e+02
2.790000000000000000e+02
7.120000000000000000e+02
3.920000000000000000e+02
3.360000000000000000e+02
2.770000000000000000e+02
4.730000000000000000e+02
4.690000000000000000e+02
3.680000000000000000e+02
3.980000000000000000e+02
3.070000000000000000e+02
3.510000000000000000e+02
3.400000000000000000e+02
5.470000000000000000e+02
3.760000000000000000e+02
3.210000000000000000e+02
2.840000000000000000e+02
4.270000000000000000e+02
4.210000000000000000e+02
3.650000000000000000e+02
2.960000000000000000e+02
4.870000000000000000e+02
4.070000000000000000e+02
3.660000000000000000e+02
4.600000000000000000e+02
7.910000000000000000e+02
3.400000000000000000e+02
3.850000000000000000e+02
3.930000000000000000e+02
3.070000000000000000e+02
3.730000000000000000e+02
4.110000000000000000e+02
5.800000000000000000e+02
3.070000000000000000e+02
5.130000000000000000e+02
3.430000000000000000e+02
4.580000000000000000e+02
3.540000000000000000e+02
4.310000000000000000e+02
3.510000000000000000e+02
3.390000000000000000e+02
