8.500000000000000000e+01
6.900000000000000000e+01
8.750000000000000000e+01
7.650000000000000000e+01
7.990000000000000568e+01
8.450000000000000000e+01
9.050000000000000000e+01
5.909999999999999432e+01
9.840000000000000568e+01
9.729999999999999716e+01
9.360000000000000853e+01
7.220000000000000284e+01
6.800000000000000000e+01
8.840000000000000568e+01
8.229999999999999716e+01
8.859999999999999432e+01
9.770000000000000284e+01
6.420000000000000284e+01
9.570000000000000284e+01
7.479999999999999716e+01
8.300000000000000000e+01
8.690000000000000568e+01
9.190000000000000568e+01
9.529999999999999716e+01
1.000000000000000000e+02
8.790000000000000568e+01
9.340000000000000568e+01
9.550000000000000000e+01
1.000000000000000000e+02
8.559999999999999432e+01
9.709999999999999432e+01
5.989999999999999858e+01
8.539999999999999147e+01
9.879999999999999716e+01
1.000000000000000000e+02
1.000000000000000000e+02
9.110000000000000853e+01
8.189999999999999147e+01
8.529999999999999716e+01
7.600000000000000000e+01
1.000000000000000000e+02
1.000000000000000000e+02
6.019999999999999574e+01
9.280000000000001137e+01
8.640000000000000568e+01
7.270000000000000284e+01
8.120000000000000284e+01
9.010000000000000853e+01
9.459999999999999432e+01
9.689999999999999147e+01
9.500000000000000000e+01
9.400000000000000000e+01
1.000000000000000000e+02
7.850000000000000000e+01
8.139999999999999147e+01
8.950000000000000000e+01
8.150000000000000000e+01
8.179999999999999716e+01
9.379999999999999716e+01
8.090000000000000568e+01
1.000000000000000000e+02
6.210000000000000142e+01
9.829999999999999716e+01
6.520000000000000284e+01
7.289999999999999147e+01
5.089999999999999858e+01
1.000000000000000000e+02
7.420000000000000284e+01
7.479999999999999716e+01
8.979999999999999716e+01
9.489999999999999147e+01
1.000000000000000000e+02
7.620000000000000284e+01
6.610000000000000853e+01
6.860000000000000853e+01
7.259999999999999432e+01
9.639999999999999147e+01
7.640000000000000568e+01
1.000000000000000000e+02
7.960000000000000853e+01
8.740000000000000568e+01
7.679999999999999716e+01
8.350000000000000000e+01
9.600000000000000000e+01
9.330000000000001137e+01
7.920000000000000284e+01
6.810000000000000853e+01
1.000000000000000000e+02
9.260000000000000853e+01
9.840000000000000568e+01
1.000000000000000000e+02
7.940000000000000568e+01
9.020000000000000284e+01
9.600000000000000000e+01
6.640000000000000568e+01
8.679999999999999716e+01
9.779999999999999716e+01
7.779999999999999716e+01
9.550000000000000000e+01
9.389999999999999147e+01
