3.367200000000000000e+04
2.283400000000000000e+04
2.536000000000000000e+04
2.294700000000000000e+04
2.818600000000000000e+04
2.102500000000000000e+04
1.955600000000000000e+04
3.812800000000000000e+04
3.444000000000000000e+04
3.016200000000000000e+04
2.456400000000000000e+04
2.682400000000000000e+04
2.427300000000000000e+04
2.360300000000000000e+04
3.994900000000000000e+04
2.414600000000000000e+04
2.912900000000000000e+04
4.411700000000000000e+04
2.620700000000000000e+04
5.492600000000000000e+04
2.159700000000000000e+04
2.837600000000000000e+04
1.195100000000000000e+04
2.303900000000000000e+04
2.761900000000000000e+04
3.065900000000000000e+04
4.050700000000000000e+04
0.000000000000000000e+00
0.000000000000000000e+00
2.043300000000000000e+04
3.781300000000000000e+04
3.020300000000000000e+04
3.077100000000000000e+04
1.829000000000000000e+04
2.535000000000000000e+04
2.532700000000000000e+04
2.643300000000000000e+04
3.183600000000000000e+04
0.000000000000000000e+00
3.144500000000000000e+04
2.214700000000000000e+04
2.842700000000000000e+04
2.067600000000000000e+04
2.436500000000000000e+04
2.159200000000000000e+04
2.083400000000000000e+04
1.368300000000000000e+04
2.791800000000000000e+04
2.571900000000000000e+04
4.039100000000000000e+04
1.490200000000000000e+04
2.945300000000000000e+04
1.737700000000000000e+04
2.052500000000000000e+04
3.322100000000000000e+04
1.984900000000000000e+04
2.316000000000000000e+04
1.360200000000000000e+04
2.902100000000000000e+04
4.027800000000000000e+04
