3.367200000000000000e+04
2.283400000000000000e+04
2.536000000000000000e+04
2.294700000000000000e+04
2.818600000000000000e+04
2.102500000000000000e+04
1.955600000000000000e+04
3.812800000000000000e+04
3.444000000000000000e+04
3.016200000000000000e+04
2.456400000000000000e+04
2.682400000000000000e+04
2.427300000000000000e+04
2.360300000000000000e+04
3.994900000000000000e+04
2.414600000000000000e+04
2.912900000000000000e+04
4.411700000000000000e+04
2.620700000000000000e+04
5.492600000000000000e+04
