2.159700000000000000e+04
2.837600000000000000e+04
1.195100000000000000e+04
2.303900000000000000e+04
2.761900000000000000e+04
3.065900000000000000e+04
4.050700000000000000e+04
0.000000000000000000e+00
0.000000000000000000e+00
2.043300000000000000e+04
3.781300000000000000e+04
3.020300000000000000e+04
3.077100000000000000e+04
1.829000000000000000e+04
2.535000000000000000e+04
2.532700000000000000e+04
2.643300000000000000e+04
3.183600000000000000e+04
0.000000000000000000e+00
3.144500000000000000e+04
