2.214700000000000000e+04
2.842700000000000000e+04
2.067600000000000000e+04
2.436500000000000000e+04
2.159200000000000000e+04
2.083400000000000000e+04
1.368300000000000000e+04
2.791800000000000000e+04
2.571900000000000000e+04
4.039100000000000000e+04
1.490200000000000000e+04
2.945300000000000000e+04
1.737700000000000000e+04
2.052500000000000000e+04
3.322100000000000000e+04
1.984900000000000000e+04
2.316000000000000000e+04
1.360200000000000000e+04
2.902100000000000000e+04
4.027800000000000000e+04
