9.320000000000000284e+01
9.379999999999999716e+01
9.490000000000000568e+01
9.259999999999999432e+01
9.400000000000000000e+01
9.229999999999999716e+01
9.500000000000000000e+01
9.329999999999999716e+01
9.279999999999999716e+01
9.390000000000000568e+01
9.440000000000000568e+01
9.300000000000000000e+01
9.540000000000000568e+01
9.459999999999999432e+01
9.270000000000000284e+01
9.300000000000000000e+01
9.250000000000000000e+01
9.129999999999999716e+01
9.550000000000000000e+01
9.250000000000000000e+01
