8.800000000000000711e+00
9.099999999999999645e+00
1.419999999999999929e+01
1.619999999999999929e+01
1.019999999999999929e+01
1.440000000000000036e+01
8.500000000000000000e+00
2.789999999999999858e+01
3.239999999999999858e+01
1.400000000000000000e+01
1.059999999999999964e+01
1.169999999999999929e+01
1.209999999999999964e+01
1.140000000000000036e+01
7.799999999999999822e+00
1.409999999999999964e+01
1.330000000000000071e+01
1.519999999999999929e+01
2.250000000000000000e+01
1.200000000000000000e+01
