9.900000000000000355e+00
7.900000000000000355e+00
1.190000000000000036e+01
1.059999999999999964e+01
1.869999999999999929e+01
9.099999999999999645e+00
1.219999999999999929e+01
8.199999999999999289e+00
1.180000000000000071e+01
9.699999999999999289e+00
1.200000000000000000e+01
8.900000000000000355e+00
1.150000000000000000e+01
1.440000000000000036e+01
1.359999999999999964e+01
1.159999999999999964e+01
8.000000000000000000e+00
1.250000000000000000e+01
1.619999999999999929e+01
1.459999999999999964e+01
