9.829999999999999716e+01
9.790000000000000568e+01
9.909999999999999432e+01
9.859999999999999432e+01
9.870000000000000284e+01
9.490000000000000568e+01
9.500000000000000000e+01
9.840000000000000568e+01
9.740000000000000568e+01
9.700000000000000000e+01
9.800000000000000000e+01
9.800000000000000000e+01
9.890000000000000568e+01
9.450000000000000000e+01
9.740000000000000568e+01
9.809999999999999432e+01
9.809999999999999432e+01
9.490000000000000568e+01
9.570000000000000284e+01
9.840000000000000568e+01
