9.959999999999999432e+01
9.890000000000000568e+01
9.970000000000000284e+01
9.870000000000000284e+01
9.920000000000000284e+01
9.800000000000000000e+01
9.940000000000000568e+01
9.909999999999999432e+01
9.859999999999999432e+01
9.950000000000000000e+01
1.000000000000000000e+02
9.840000000000000568e+01
9.990000000000000568e+01
9.970000000000000284e+01
9.790000000000000568e+01
9.729999999999999716e+01
9.959999999999999432e+01
9.620000000000000284e+01
1.000000000000000000e+02
9.790000000000000568e+01
