4.910000000000000000e+02
1.980000000000000000e+02
3.100000000000000000e+02
1.720000000000000000e+02
1.710000000000000000e+02
1.880000000000000000e+02
3.510000000000000000e+02
2.700000000000000000e+02
3.350000000000000000e+02
5.010000000000000000e+02
2.790000000000000000e+02
3.490000000000000000e+02
1.750000000000000000e+02
1.620000000000000000e+02
2.240000000000000000e+02
1.900000000000000000e+02
2.140000000000000000e+02
3.140000000000000000e+02
2.180000000000000000e+02
1.850000000000000000e+02
2.380000000000000000e+02
1.710000000000000000e+02
1.900000000000000000e+02
1.960000000000000000e+02
1.470000000000000000e+02
2.410000000000000000e+02
2.940000000000000000e+02
2.120000000000000000e+02
3.000000000000000000e+02
3.460000000000000000e+02
3.800000000000000000e+02
4.580000000000000000e+02
1.500000000000000000e+02
1.850000000000000000e+02
2.000000000000000000e+02
2.450000000000000000e+02
2.580000000000000000e+02
2.040000000000000000e+02
1.600000000000000000e+02
1.660000000000000000e+02
2.730000000000000000e+02
1.730000000000000000e+02
2.420000000000000000e+02
3.390000000000000000e+02
1.960000000000000000e+02
1.730000000000000000e+02
1.670000000000000000e+02
2.310000000000000000e+02
3.100000000000000000e+02
2.940000000000000000e+02
1.780000000000000000e+02
2.250000000000000000e+02
3.190000000000000000e+02
4.050000000000000000e+02
5.140000000000000000e+02
2.250000000000000000e+02
1.900000000000000000e+02
1.740000000000000000e+02
1.530000000000000000e+02
3.580000000000000000e+02
1.790000000000000000e+02
3.050000000000000000e+02
6.000000000000000000e+02
2.300000000000000000e+02
2.490000000000000000e+02
1.610000000000000000e+02
3.920000000000000000e+02
3.190000000000000000e+02
1.610000000000000000e+02
2.740000000000000000e+02
5.600000000000000000e+02
1.700000000000000000e+02
2.310000000000000000e+02
2.250000000000000000e+02
1.620000000000000000e+02
1.990000000000000000e+02
3.240000000000000000e+02
3.720000000000000000e+02
1.870000000000000000e+02
2.520000000000000000e+02
3.220000000000000000e+02
1.610000000000000000e+02
2.250000000000000000e+02
1.410000000000000000e+02
1.900000000000000000e+02
1.710000000000000000e+02
6.170000000000000000e+02
1.490000000000000000e+02
1.930000000000000000e+02
2.780000000000000000e+02
2.390000000000000000e+02
2.670000000000000000e+02
3.130000000000000000e+02
2.530000000000000000e+02
1.610000000000000000e+02
2.800000000000000000e+02
1.970000000000000000e+02
4.530000000000000000e+02
3.210000000000000000e+02
1.250000000000000000e+02
