1.750000000000000000e+02
3.120000000000000000e+02
2.240000000000000000e+02
3.710000000000000000e+02
1.970000000000000000e+02
1.580000000000000000e+02
1.880000000000000000e+02
2.050000000000000000e+02
1.900000000000000000e+02
1.670000000000000000e+02
2.330000000000000000e+02
3.650000000000000000e+02
1.670000000000000000e+02
2.920000000000000000e+02
1.830000000000000000e+02
2.470000000000000000e+02
1.400000000000000000e+02
2.330000000000000000e+02
3.480000000000000000e+02
1.920000000000000000e+02
3.100000000000000000e+02
1.450000000000000000e+02
2.830000000000000000e+02
2.510000000000000000e+02
1.550000000000000000e+02
2.480000000000000000e+02
1.280000000000000000e+02
3.110000000000000000e+02
1.950000000000000000e+02
2.690000000000000000e+02
2.230000000000000000e+02
2.620000000000000000e+02
2.610000000000000000e+02
5.850000000000000000e+02
2.080000000000000000e+02
2.020000000000000000e+02
2.730000000000000000e+02
2.690000000000000000e+02
3.010000000000000000e+02
6.190000000000000000e+02
3.300000000000000000e+02
1.510000000000000000e+02
1.890000000000000000e+02
3.460000000000000000e+02
1.760000000000000000e+02
2.090000000000000000e+02
1.870000000000000000e+02
3.020000000000000000e+02
1.840000000000000000e+02
1.920000000000000000e+02
2.250000000000000000e+02
4.130000000000000000e+02
2.500000000000000000e+02
1.990000000000000000e+02
2.450000000000000000e+02
4.020000000000000000e+02
1.600000000000000000e+02
1.980000000000000000e+02
2.000000000000000000e+02
2.110000000000000000e+02
2.250000000000000000e+02
1.520000000000000000e+02
1.410000000000000000e+02
2.890000000000000000e+02
2.000000000000000000e+02
2.460000000000000000e+02
2.050000000000000000e+02
2.550000000000000000e+02
2.620000000000000000e+02
1.810000000000000000e+02
3.470000000000000000e+02
1.460000000000000000e+02
2.480000000000000000e+02
1.910000000000000000e+02
2.700000000000000000e+02
1.650000000000000000e+02
3.140000000000000000e+02
2.850000000000000000e+02
2.250000000000000000e+02
2.600000000000000000e+02
1.580000000000000000e+02
1.540000000000000000e+02
1.610000000000000000e+02
2.290000000000000000e+02
2.300000000000000000e+02
1.660000000000000000e+02
1.920000000000000000e+02
2.040000000000000000e+02
1.780000000000000000e+02
3.100000000000000000e+02
3.600000000000000000e+02
2.460000000000000000e+02
2.240000000000000000e+02
2.430000000000000000e+02
2.350000000000000000e+02
1.820000000000000000e+02
4.300000000000000000e+02
1.670000000000000000e+02
1.720000000000000000e+02
1.760000000000000000e+02
