1.000000000000000000e+02
1.000000000000000000e+02
1.000000000000000000e+02
9.659999999999999432e+01
1.000000000000000000e+02
1.000000000000000000e+02
1.000000000000000000e+02
1.000000000000000000e+02
1.000000000000000000e+02
1.000000000000000000e+02
9.920000000000000284e+01
1.000000000000000000e+02
1.000000000000000000e+02
1.000000000000000000e+02
1.000000000000000000e+02
1.000000000000000000e+02
8.950000000000000000e+01
9.909999999999999432e+01
9.190000000000000568e+01
9.829999999999999716e+01
9.639999999999999147e+01
9.500000000000000000e+01
8.539999999999999147e+01
1.000000000000000000e+02
1.000000000000000000e+02
9.859999999999999432e+01
1.000000000000000000e+02
9.979999999999999716e+01
1.000000000000000000e+02
1.000000000000000000e+02
1.000000000000000000e+02
1.000000000000000000e+02
9.379999999999999716e+01
1.000000000000000000e+02
1.000000000000000000e+02
1.000000000000000000e+02
1.000000000000000000e+02
9.820000000000000284e+01
1.000000000000000000e+02
9.389999999999999147e+01
9.310000000000000853e+01
9.979999999999999716e+01
1.000000000000000000e+02
1.000000000000000000e+02
1.000000000000000000e+02
1.000000000000000000e+02
1.000000000000000000e+02
1.000000000000000000e+02
1.000000000000000000e+02
9.679999999999999716e+01
1.000000000000000000e+02
1.000000000000000000e+02
1.000000000000000000e+02
1.000000000000000000e+02
1.000000000000000000e+02
9.639999999999999147e+01
8.690000000000000568e+01
1.000000000000000000e+02
1.000000000000000000e+02
1.000000000000000000e+02
1.000000000000000000e+02
1.000000000000000000e+02
8.829999999999999716e+01
9.570000000000000284e+01
1.000000000000000000e+02
9.519999999999998863e+01
1.000000000000000000e+02
9.859999999999999432e+01
9.689999999999999147e+01
1.000000000000000000e+02
1.000000000000000000e+02
1.000000000000000000e+02
1.000000000000000000e+02
9.929999999999999716e+01
1.000000000000000000e+02
1.000000000000000000e+02
1.000000000000000000e+02
1.000000000000000000e+02
8.559999999999999432e+01
9.210000000000000853e+01
9.589999999999999147e+01
9.739999999999999147e+01
1.000000000000000000e+02
1.000000000000000000e+02
1.000000000000000000e+02
9.629999999999999716e+01
1.000000000000000000e+02
1.000000000000000000e+02
9.950000000000000000e+01
1.000000000000000000e+02
9.079999999999999716e+01
9.700000000000000000e+01
1.000000000000000000e+02
1.000000000000000000e+02
1.000000000000000000e+02
9.400000000000000000e+01
1.000000000000000000e+02
1.000000000000000000e+02
1.000000000000000000e+02
1.000000000000000000e+02
